0.0009358006870544471
0.007135293741420619
0.1012200963017982
0.004950231490682315
0.02980556617329227
0.09258810232423718
0.01919121507808251
0.0006449886332089839
0.001246743581069178
0.002387344038682975
0.3644516634475471
0.2796881202299744
0.001219576310397168
0.001241379935199291
0.6952016249213713
0.01049934030696248
0.06247004803661238
0.1967677013726965
0.0002880929232995492
2.534614956739065e-05
0.0002889537949535711
0.0002070021188770479
2.105068038886174e-05
3.931508150905458e-06
0.004725302102909902
0.00572230338176447
0.006145107537608241
0.001089638778683348
0.02330087927234278
0.0001608287134018629
0.1065344007440219
0.3843474697167593
0.001221172441666889
0.06108258129400889
0.04709462228202892
0.01799127247844603
0.2182701763083074
0.01453516225287717
0.05132418179120424
1.991307669183564e-06
0.001381239184783672
0.00171356475072785
0.004952299668913818
0.001470715609233237
0.0001164758812213058
0.0009111113713880843
0.0001111354711654379
2.209865932924652e-05
2.913163124101403e-07
0.0004776015816360501
0.0877961860147934
1.375139294443491e-05
0.009777290229643819
0.0001001342712888443
0.0001784711051541671
0.0003137465849555549
0.0013684674626717
0.01292061315910538
1.497340252544225e-06
3.82953036971637e-05
0.03103163253999988
0.0004376766517418874
0.01789153558723859
0.007427366145535504
0.01172314446613427
0.03658083183309559
0.06804209785834461
0.004100062190455465
0.0001594410476627491
4.827102764882323e-07
4.155656801355582e-06
2.006609774107726e-05
0.003889845969992953
6.402482336626171e-05
0.0002365103687099524
0.001607372261729773
2.021196329044387e-05
0.1346498899186395
0.02809272554623891
8.933756324533953e-05
0.03065125287748477
0.000139269262165906
1.476437897640431e-05
2.530382467629578e-05
0.00279924022118252
3.662300664997234e-06
3.43867374428642e-05
3.894865476336945e-05
0.001716034145547932
0.0009716101347015257
3.26662290948211e-07
0.01337846257715232
7.20837871635056e-06
3.757339706226373e-05
0.2503476333610764
0.0001599111425756237
0.002152176409888756
2.628540594871751e-05
0.003190499069374776
0.001097948358415508
0.001468389347148789
0.03301852712583905
2.992959829000801e-05
0.001330455661003805
3.279912800073296e-07
0.01528960736570927
0.005921246715512214
7.201595503593846e-05
6.126595155783218e-05
0.0004294896928787625
0.0001583083515477509
1.819297197894509e-07
0.1326561975813481
0.05299792381330919
0.2263857142416744
3.275020605405402e-06
0.0002702866108545615
0.000275512350557752
0.001939316759833772
0.0003360526736176217
0.008323556793448289
0.01663556754549042
0.009760532784863184
0.01320963515771506
1.543764796698691e-05
0.001119085093092215
0.0017650269612038
0.005059651559304957
0.0009358006870544471
0.007135293741420619
0.1012200963017982
0.004950231490682315
0.02980556617329227
0.09258810232423718
0.01919121507808251
0.0006449886332089839
0.001246743581069178
0.002387344038682975
0.3644516634475471
0.2796881202299744
0.001219576310397168
0.001241379935199291
0.6952016249213713
0.01049934030696248
0.06247004803661238
0.1967677013726965
0.0002880929232995492
2.534614956739065e-05
0.0002889537949535711
0.0002070021188770479
2.105068038886174e-05
3.931508150905458e-06
0.004725302102909902
0.00572230338176447
0.006145107537608241
0.001089638778683348
0.02330087927234278
0.0001608287134018629
0.1065344007440219
0.3843474697167593
0.001221172441666889
0.06108258129400889
0.04709462228202892
0.01799127247844603
0.2182701763083074
0.01453516225287717
0.05132418179120424
1.991307669183564e-06
0.001381239184783672
0.00171356475072785
0.004952299668913818
0.001470715609233237
0.0001164758812213058
0.0009111113713880843
0.0001111354711654379
2.209865932924652e-05
2.913163124101403e-07
0.0004776015816360501
0.0877961860147934
1.375139294443491e-05
0.009777290229643819
0.0001001342712888443
0.0001784711051541671
0.0003137465849555549
0.0013684674626717
0.01292061315910538
1.497340252544225e-06
3.82953036971637e-05
0.03103163253999988
0.0004376766517418874
0.01789153558723859
0.007427366145535504
0.01172314446613427
0.03658083183309559
0.06804209785834461
0.004100062190455465
0.0001594410476627491
4.827102764882323e-07
4.155656801355582e-06
2.006609774107726e-05
0.003889845969992953
6.402482336626171e-05
0.0002365103687099524
0.001607372261729773
2.021196329044387e-05
0.1346498899186395
0.02809272554623891
8.933756324533953e-05
0.03065125287748477
0.000139269262165906
1.476437897640431e-05
2.530382467629578e-05
0.00279924022118252
3.662300664997234e-06
3.43867374428642e-05
3.894865476336945e-05
0.001716034145547932
0.0009716101347015257
3.26662290948211e-07
0.01337846257715232
7.20837871635056e-06
3.757339706226373e-05
0.2503476333610764
0.0001599111425756237
0.002152176409888756
2.628540594871751e-05
0.003190499069374776
0.001097948358415508
0.001468389347148789
0.03301852712583905
2.992959829000801e-05
0.001330455661003805
3.279912800073296e-07
0.01528960736570927
0.005921246715512214
7.201595503593846e-05
6.126595155783218e-05
0.0004294896928787625
0.0001583083515477509
1.819297197894509e-07
0.1326561975813481
0.05299792381330919
0.2263857142416744
3.275020605405402e-06
0.0002702866108545615
0.000275512350557752
0.001939316759833772
0.0003360526736176217
0.008323556793448289
0.01663556754549042
0.009760532784863184
0.01320963515771506
1.543764796698691e-05
0.001119085093092215
0.0017650269612038
0.005059651559304957
0.0001510993622034108
0.004850925891184379
0.009412808417023676
0.01331580437578128
7.814805079898784e-07
0.0001682003460842277
0.0001154641814846714
5.800021452127286e-07
0.003499391568940602
2.05910208308843e-06
0.05515110073740817
0.0009920819189643488
0.0005249428283544598
7.934296542583974e-05
0.007632104438873849
0.06728501055831486
0.3730818018853802
0.002430600947767664
0.000385456605396015
9.136435029400612e-05
5.283306596511602e-05
0.2433511573860396
0.2329903371286808
2.730300044235321e-08
9.141070123432502e-06
1.458707200322648e-05
0.01031816638706174
0.007161065133232191
0.01065034427675572
0.008045857803100449
0.02190089152877943
0.01727651316613516
0.001927784802289201
0.09607573362785096
0.03403352286302484
0.0657102908506594
0.0002816687513443683
0.0001252283322753288
0.002162753380078086
0.0001721584089547881
0.009513266011764202
2.213697906164519e-07
0.007844828977025453
0.01514775425942388
0.01038900202695714
9.590927004730175e-08
0.005709319398027011
0.001809492624521948
2.017428807176559e-08
3.059161135825247e-05
0.0004988970371247127
0.0001127524330000317
0.0001023597574436551
0.000137451551670073
0.008119393435876799
0.3820040674393138
6.550860976993375e-05
0.03132472808594056
0.0004959099729048702
3.847683922882936e-08
0.0001239957314279474
2.154195821308327e-05
0.001949952956651953
0.02466493035115353
0.01144538920528665
0.0009015282959308896
0.007629022209312005
9.360234432342347e-05
0.00225739351172926
0.0146435298517934
1.718641484637932e-05
9.088898077182862e-06
0.001765977664248318
7.880764887332869e-05
0.0006388686395050133
9.300746480089952e-07
4.027623373389225e-05
0.003808278946355739
0.0001235947050516823
7.213931328132476e-06
0.0004266051392840422
0.0002190295331872272
5.717526489578552e-07
8.667565894221526e-06
0.0002571465215793645
7.028583988036436e-07
0.000170328059945128
4.833240862114157e-06
8.630907088288253e-05
4.57801509125006e-05
2.376604994909648e-09
4.846084651447166e-07
0.0001860956564806365
0.006301933429857499
7.995347732526246e-05
0.0001122763144886884
2.271248873601391e-06
7.772080590770061e-05
3.4568664258739e-05
0.0001322356282844844
5.424752594289894e-05
0.0001401856945199171
0.001723894031320399
0.01013351890239149
0.01766490628348697
0.0002757086420845243
0.3807432626768951
0.006768970736782754
0.0001778532303261074
0.06737724190247639
0.0003576031020822746
4.447842224230966e-05
0.06358967310137689
0.001775266254808446
4.172853644389586e-05
0.01008570940329978
0.0001487115100976971
2.0531907516604e-07
2.245411875346242e-07
0.007199418074731862
0.0008588729660466721
2.479451453142676e-06
6.43038246782595e-07
5.900948466595042e-06
0.0005194437628018637
0.001714177459657126
0.01903117040900866
0.02662337072894619
3.385824311692943e-06
0.0004939857130514274
0.002604285441348299
0.07508736770855762
0.4885766330143504
0.001098160099121809
0.0003120065098625093
0.0004071924367638017
0.0241688869011045
0.001165646883600772
0.003435350513536615
0.2111250518191547
0.03749566066555019
0.0004182847389049939
0.09012388355504086
0.09817008123469129
0.005618777481015092
0.0005611658578376263
0.01403268244416317
0.2620066591997772
0.02984914109590455
0.007349576915409967
0.0001637777090454662
0.001231596949399081
0.000624703780509114
0.006257460520991452
0.04724986059636681
0.0186414750889915
2.042162603743835e-05
0.001473784228440219
0.001203783435228358
0.001513924482433673
0.00177145012894359
0.001119264497313331
0.4845132711110505
0.467461958639611
0.001550649657219879
0.003249565921461131
0.01113524394574385
0.009746048463259906
0.003739921424372519
0.02430602997112951
0.0005118899426808512
0.09950255308973946
0.0002140917655307795
0.2271655051125711
0.0006685547850849477
0.1432799932765536
3.074261370795598e-05
0.005189444963239817
2.000044494532901e-05
8.004887042288899e-05
5.599173178765668e-06
3.07159977248986e-05
1.410227386704722e-05
3.560629468947642e-06
0.001993090539438749
0.0001512881675762223
0.0004313271944894997
0.001130926091751362
0.00866569320717108
0.0346432325508312
0.0002122993890195909
0.003252401859166633
0.01214490432938825
5.533738197514194e-05
0.0004935972375696141
0.0005388960388531082
0.0004637729663479605
2.707385100396903e-06
0.0014585737933788
0.001214640345109736
0.0002230996519589739
0.0001017858214888367
3.606080725208075e-05
9.57363663876607e-07
6.085706040682977e-05
1.055204233456815e-06
0.0006944557930338965
0.008912488325124852
0.001118798500934106
0.002334161989787323
0.006026995068980044
0.005159431572607014
0.01287815075007324
0.02372031639818723
0.0008820925281724931
0.0001023194245182329
0.001508356828919556
7.227720842976203e-05
0.0001141364948649013
3.761498786921215e-05
3.358884170040973e-05
3.495010405962263e-06
2.193137457467583e-06
0.001124064953712107
0.0001228136560354846
0.001510471285058747
6.788694301138448e-05
4.990159510378122e-06
0.005952107882224253
0.0171128654021316
0.005629587347021753
0.09152245745437106
0.08753187621468991
0.2085988313015529
0.2321342535232245
0.5080243222418646
0.0005637169654917786
0.000586051906973792
0.002740551412135844
7.715988938266293e-05
0.001858994554136523
0.00115835133046298
0.0007841877022122137
1.623005336948621e-06
0.0002876153899865383
0.0005359112920567912
0.04173232526968377
0.04291703371606734
0.02519758351019304
0.1393172693902704
0.00534225761744254
0.0009858363379273898
0.08217648384619251
0.3155596118066222
0.03090581742960855
0.0002331850880034231
0.0005576679716383651
0.4521312949858178
2.654802876187984e-06
3.551582680886174e-05
2.344800048172316e-07
6.043069127515338e-06
0.006527805576318768
0.001848360903070611
0.005267788472863539
0.1454821413695777
0.0110783649056745
0.01435108971375285
0.134176007954583
0.005802064364302965
0.004042529754519203
0.7963675037712173
0.1877839224821293
0.167182530118267
0.1414436845137055
4.338853824908827e-07
0.005591372398203267
0.04571050914706703
0.03782644817084317
0.2811418494128211
0.0003580555838579989
0.0009146819207167078
0.0001722459509015161
8.535827422498985e-05
0.004141223917179968
0.3144886802742212
2.764064597453521e-06
9.902353432228633e-06
0.06799053170825356
0.1694084513582967
4.009003276513947e-08
1.008680891577526e-05
0.001173244810749785
7.006948669973887e-06
5.883776226935258e-06
8.683114618392612e-06
0.01528639975277584
6.407564317914483e-05
0.009521326567536355
7.246058139080362e-05
0.0002813962498305215
0.003045107657703746
1.600120776998351e-05
2.825644290112117e-07
0.003470949125608922
9.143419460322304e-05
0.0001375515276108603
9.594131950287924e-05
0.00476473051349263
5.554515055574883e-08
0.0006069823396343746
4.734002120938505e-05
1.029457412090653e-06
2.417749593839926e-05
0.117022274912591
7.431172412362764e-05
3.286864916546449e-05
0.0004921873335857581
4.028339951896235e-06
0.02784801972715472
0.1377617596356005
0.001013452261353214
1.956129185699159e-05
1.322976534902716e-05
0.003340691910926572
0.0002581761166918022
1.255725718074056e-07
3.24420043003836e-06
2.594825856408955e-05
1.606451547606711e-05
0.001000796743331314
2.231429275163012e-07
0.0001361651239807066
0.00296546752554446
3.711753800156148e-06
1.195884214436507e-05
0.0002848016237136244
1.210011911164709e-05
0.0001874843709580173
1.958335293817345e-05
1.304133680008118e-05
0.04245504702684564
4.025556817332086e-05
3.459648343171908e-05
0.0003632478757667151
3.957111580114712e-05
9.544888403462966e-05
2.56701235381875e-05
6.330169856574257e-07
0.0005096102526545662
0.0004975605614240705
0.0007395163461698189
0.0002200031597848768
0.01088489980977689
3.063475301429108e-05
0.01902538474253224
0.4338289053625198
0.6356928693938184
9.293305728844136e-07
2.758501266810092e-05
0.0003421095305221993
0.04537762500367729
0.008045534460327393
0.0012524409798767
6.498600453310586e-06
0.002635632143193334
0.001535473852168899
0.04683697246572042
0.0003655820879447144
0.0001423549922731932
0.02157919458271661
0.0003563869337731241
0.02845158832628242
0.0121745043839995
0.0006889837690014028
0.002801730950631062
1.510601378482433e-08
6.8261995989084e-07
9.06730006491419e-05
2.149215465182225e-05
3.967810250502957e-06
0.3134108442652112
0.006473298783974199
0.004198694503875821
0.003424032710986433
0.01058736743042573
0.01599320116561969
0.01253170311660076
0.01055191214971175
0.01679689378674104
0.004497014061936823
0.03212566989459719
0.2037327111255542
0.1141045807070229
0.000845034980247126
0.0008397141783354202
0.002770778060604614
8.37535002061651e-05
0.2125603520058592
0.0121622403473861
0.001113232303915523
4.766371359256256e-08
0.001556401741324446
0.02402882657589027
6.759708027842045e-05
0.01299283797939525
1.863077370499118e-06
3.062920407831633e-05
3.935628610611748e-07
9.38617783678433e-06
2.100432283103426e-06
0.0007200031017988346
0.08500497927847032
0.0002074946495260795
0.01450612798701796
3.693470311675577e-09
0.003227657880754491
7.6694973497565e-05
0.0001073663509287732
0.03558844849690734
6.103375922133702e-08
0.0005768115624267461
0.0005547407212444116
0.5362146864247459
0.002702919653201092
8.56414352785698e-05
0.01554740852055483
0.01082558832908032
0.002032022191295648
4.961918411170779e-07
0.00305008083224868
7.827608736138013e-05
0.01198055955363291
0.02546595588834845
0.01103156659504067
1.524551565523585e-07
2.65453859181062e-05
7.086411926095774e-07
0.0002999474419126836
0.01548438611532055
6.962655833926936e-07
6.007146585900027e-06
8.148669771742091e-07
0.001363798159642824
0.0001289496424020842
2.17659744588101e-05
0.08853793610551777
1.297261619743355e-05
0.0007900150225169571
5.35525194746402e-06
0.0002578918831647847
0.0004773357925106884
0.1119084110132853
0.002569766479731281
4.538882959957071e-08
2.550383386577875e-06
0.001196741027122611
5.183421983117842e-05
1.817959037241728e-06
1.005937416993101e-06
3.198976593241411e-06
9.029783472873769e-05
9.51739028054402e-07
6.512915447848853e-08
3.456096929009079e-05
2.298057625362e-07
0.006784778070469427
0.0003174407078418651
0.0001265895583990956
8.026172777393269e-06
8.768511985039844e-05
0.0007615022853499717
8.521997524165033e-05
0.02311382849326786
5.481609944657865e-05
0.001572763997140016
0.001168666593893026
1.771627232389751e-05
2.74330008097758e-06
6.424104109840893e-05
1.906620903548245e-07
0.01008472404308167
0.0001743447527544981
0.0002983040325068591
2.369429795385664e-05
2.004678578514446e-07
0.002356836072639813
0.0001371200761103113
0.0001734085034072922
0.004762157572912006
0.003280554561673646
0.002045645191153796
0.001532220584212011
0.01257515738099386
0.01058007983155351
0.04439407204625393
0.0002706974381402025
0.03318017143875999
0.003293363018334192
8.014090138947513e-05
0.0005900282467410345
0.2612254791456343
0.03826339380105464
0.007059161155205522
0.0004675895220489606
0.006757567448378752
0.02686294253931037
0.00891471272833674
0.5304729842802249
0.0002423996581577315
0.002736629948872784
0.003191939078410995
0.0008746336974057599
0.0009271572847355822
0.001403208145999555
0.004672003134551852
0.002213456944404777
0.003303417433623087
0.06236820586079467
0.1487138811774217
0.008257269385525973
0.02285928311059786
0.00936557724198866
0.003298203016899955
0.3929099354684725
0.1260267376998636
0.009793491601638563
0.008454829323185111
0.003957145935577536
0.1351697432163917
0.004745149911115472
0.0745354262310199
0.01637364818467611
0.3868258862607565
0.002669438225180208
0.0005919923816019693
0.08950214570722638
0.217294885466608
0.003714910935389865
0.0002084805115039876
0.0005390605486832011
0.0003698049739726482
0.002371812706177814
0.00155103168591705
0.008100771542607924
0.0005591035250169877
0.007338400519991821
0.0002335483309447786
0.03501559564967797
0.01612619866786296
0.008623959389552995
0.000389125531312126
0.001104849891320681
0.008362798366694775
0.01355941954204527
0.001225293979066565
0.004554174244776951
0.1287857578097683
0.00852966038135368
0.02057639914209445
0.03921851253842829
0.002743806201695053
1.688814286310754e-05
0.0002857626147663948
0.08445149922581573
0.02651296949321716
0.1101908288676538
0.002762119322050276
0.01927581828944778
0.01255217890002326
0.1368473368954528
0.0007299160060892068
0.00929294137797593
0.1539322170156848
0.4951112941151335
0.004861821702037444
0.1512232488640837
0.0007258863327924315
0.0002561352758861923
6.136144132614369e-05
0.02500469661142706
0.0005197626548078647
0.02563371593716668
0.0002459076966862713
0.0001933532228358635
0.00405856549506996
0.0001259092642750157
0.0004875154746144431
0.009779332187526779
2.25305313999231e-05
0.0004086421464328224
0.0001258902246774844
0.004925428879813365
0.00608558928933678
0.01008937979956443
0.0002069978627665092
0.008281407425825326
0.002869419327812876
0.04910062771750205
0.9953018598689315
0.006057417545198248
0.0002686386549495009
0.01218573669705197
0.002099406442350207
0.00471245510236379
0.0007892996427168846
0.001792052364606182
0.05006624168792727
0.007004877487089002
0.04238817519265297
0.002384099038871471
0.00174935063211513
0.004147864311327084
0.004762157572912006
0.003280554561673646
0.002045645191153796
0.001532220584212011
0.01257515738099386
0.01058007983155351
0.04439407204625393
0.0002706974381402025
0.03318017143875999
0.003293363018334192
8.014090138947513e-05
0.0005900282467410345
0.2612254791456343
0.03826339380105464
0.007059161155205522
0.0004675895220489606
0.006757567448378752
0.02686294253931037
0.00891471272833674
0.5304729842802249
0.0002423996581577315
0.002736629948872784
0.003191939078410995
0.0008746336974057599
0.0009271572847355822
0.001403208145999555
0.004672003134551852
0.002213456944404777
0.003303417433623087
0.06236820586079467
0.1487138811774217
0.008257269385525973
0.02285928311059786
0.00936557724198866
0.003298203016899955
0.3929099354684725
0.1260267376998636
0.009793491601638563
0.008454829323185111
0.003957145935577536
0.1351697432163917
0.004745149911115472
0.0745354262310199
0.01637364818467611
0.3868258862607565
0.002669438225180208
0.0005919923816019693
0.08950214570722638
0.217294885466608
0.003714910935389865
0.0002084805115039876
0.0005390605486832011
0.0003698049739726482
0.002371812706177814
0.00155103168591705
0.008100771542607924
0.0005591035250169877
0.007338400519991821
0.0002335483309447786
0.03501559564967797
0.01612619866786296
0.008623959389552995
0.000389125531312126
0.001104849891320681
0.008362798366694775
0.01355941954204527
0.001225293979066565
0.004554174244776951
0.1287857578097683
0.00852966038135368
0.02057639914209445
0.03921851253842829
0.002743806201695053
1.688814286310754e-05
0.0002857626147663948
0.08445149922581573
0.02651296949321716
0.1101908288676538
0.002762119322050276
0.01927581828944778
0.01255217890002326
0.1368473368954528
0.0007299160060892068
0.00929294137797593
0.1539322170156848
0.4951112941151335
0.004861821702037444
0.1512232488640837
0.0007258863327924315
0.0002561352758861923
6.136144132614369e-05
0.02500469661142706
0.0005197626548078647
0.02563371593716668
0.0002459076966862713
0.0001933532228358635
0.00405856549506996
0.0001259092642750157
0.0004875154746144431
0.009779332187526779
2.25305313999231e-05
0.0004086421464328224
0.0001258902246774844
0.004925428879813365
0.00608558928933678
0.01008937979956443
0.0002069978627665092
0.008281407425825326
0.002869419327812876
0.04910062771750205
0.9953018598689315
0.006057417545198248
0.0002686386549495009
0.01218573669705197
0.002099406442350207
0.00471245510236379
0.0007892996427168846
0.001792052364606182
0.05006624168792727
0.007004877487089002
0.04238817519265297
0.002384099038871471
0.00174935063211513
0.004147864311327084
0.001409265758044204
0.008024063908778844
0.0369041791906068
0.002640431743814626
0.0005304082897533186
0.01039531659573752
0.02850848165507191
0.01098250985049132
0.01395152675739391
0.02316444811928096
0.0101494088453321
0.002193218716251757
0.003131465145181567
0.0002025441568210656
0.1544756524149533
0.0007217641701723088
0.0001512551110928229
0.0001783917299607234
0.0001141749970932738
0.0005685503397974323
0.06017881460789765
0.3047006239190574
5.472979488783995e-06
0.0595074676225629
0.02282204595147748
0.002252977057903968
0.001526298859506953
0.01302105818939498
8.419666983919155e-05
0.001480319504179596
0.2364704100421647
0.03926828528360492
0.04270994849411846
0.02001931105798149
0.02524475649432224
0.00510816680056159
0.2452609509014622
0.1058456445636407
8.992634482850204e-05
0.03407425353715043
0.01577545328861123
0.0005934715099641081
0.01982625328896915
0.004559184613981881
0.001376552062499011
0.071825194629673
0.03878909619157758
0.00701775926674716
0.0001657166023192403
0.003136203642047567
0.003493322734215302
0.006540558450563152
0.0007278006293554303
0.001940906015679427
0.0002921518012054648
0.00991749358661497
0.002664814131385846
0.07205107531887948
0.007141403126210428
0.0200321980281485
0.01043015315249875
0.000390787936834853
0.003634023022368632
0.0004508616697116045
0.349310668246147
0.004082005533198917
0.0003680034055374136
0.04190869258873205
0.01016522044644353
0.0006422513814516624
0.001127504569686972
0.2226886903316891
0.001116764384542159
0.0005516309862535039
0.06505709994849472
0.0001399886206165521
0.000276628176176852
0.009023370017722505
0.02756133488331299
0.0008410034037559695
0.001529960102399876
0.05252981206741586
0.002647766673205727
0.04678874676841112
0.0002894956660442804
5.219309335046174e-06
0.0007092585793489476
1.027687467011372e-05
0.01265895128078153
0.002570853471301153
0.007036111025666142
4.336423443043821e-05
0.04368912228927911
0.001429893280530883
0.02771158591697837
0.03831412952975681
0.00642039762313232
0.006825746475016664
0.0006134811550461506
0.001672635042266577
0.03459890546479504
0.01798478776508527
0.001281659643961605
2.973025202155449e-05
0.000103034402174843
0.0804917864155371
2.258038792059161e-05
0.01411832757050056
0.01132145096104436
0.0006549426696051662
0.000209364349176773
0.00607372301489374
0.0001947806956866779
0.004263295347739534
0.01357765657167816
0.0009242407175557879
0.0007700791926938314
0.0002564198396541283
0.003792257904011475
0.02896364603456341
0.0002369796451045473
0.0001634363036420564
0.003488284384232907
0.0001971649237290302
0.001200952387196774
0.02686593855702611
0.006045863946877339
0.006940372377384993
0.2212734728511463
0.000110666355611605
0.004288311439569929
0.008866635891270677
0.0003880829088515374
0.0001726610740393739
0.01961740792755461
0.01010944892900685
0.003779804799264845
0.01152387477958945
0.1468016174663625
0.2064045351686917
0.006834181093197228
0.04146099008809425
0.002841897602799251
0.07460707827933759
0.01957080140529945
0.02553795847869639
0.001137822231849791
0.005029852153742662
0.04424659640512521
0.0025424170370545
0.02841692026351207
0.001283606522622309
0.18478235635389
0.0005663686400723095
0.3268776838149258
0.0216685184118405
0.05939885643474221
0.004238057764831212
0.0016174452942367
0.0009927282143343912
0.004622598056766579
0.0003399320093068073
0.0007603720277948063
0.0008006622247757619
0.001065069375101886
0.0005980798153900177
0.01309711267332437
5.92593143112739e-05
0.0003483945220547524
0.01189920556759083
0.0005994039207045408
0.005875458345405555
0.0003813267245919132
0.0005721585185932969
0.0097823124028393
0.01926422760580677
0.0003839918520182585
2.239712248782221e-05
0.000558908598367226
0.002837628483749081
7.029120638392627e-05
0.03554956675476376
4.540623066707414e-05
0.16464146040486
0.0008820295428653217
0.7772931220191762
0.008242433893540645
0.002393334519230809
0.0001580430061726446
0.0002364678634881123
0.0008653234363289324
0.01529623093759352
0.004394543310403291
0.01638212275291041
0.003888052094885775
0.003889057660762024
0.0001289392844921007
0.0006655533300038269
0.05900453245996946
0.003978054174172149
0.001881386743577823
0.01562990244806909
0.01219855183734454
0.0002789068808857664
0.008293203759913033
0.005855461941084945
0.008541266153769815
0.001742665774469241
0.003478548503676286
0.09082733540137235
9.864841816781335e-05
0.0001215269702687581
0.01779040534400958
0.003741361686623241
0.0001401198028211419
0.1000442954871999
0.002875826659168126
0.004942637018547361
0.006183244534231584
0.1122408019672699
0.0005764095919822294
0.0007972909021562267
0.04020063436742116
0.0001418519104775104
0.0007902004350172921
0.005469521482501454
0.001493658586893417
4.446591809693932e-05
0.0001086393014878057
0.010654066575145
0.009221605054873086
0.001562306357721612
0.02597302993645775
0.003543990270277692
6.075833959873015e-05
0.5441453538597072
0.1196796868195776
0.0006930804103761741
0.0004943698020355853
0.0005810187317335715
0.003702020132718406
0.013535473052226
0.01526944723799862
0.01476918659108094
0.01549372198929726
1.412745142556713e-05
0.0313273017465002
0.00673158970794946
0.1804707987669102
0.5617455519380068
0.00675483439550318
0.01666063552792794
0.006148805351745761
0.0005161874331375031
0.002425168667869977
0.0007732506160763354
0.02118297423157035
0.03925299995823252
0.001295776986823563
0.01154716533425013
0.2188599625785763
0.001975489438062555
0.0005447535472192867
0.0009252181728114894
0.1512412541654236
6.185838966533151e-05
0.03873257843003806
0.0001044595369510004
0.1673437718313465
0.1487770327866556
0.0006617581793380726
0.01375794803373327
0.008369318200206935
0.05088347866385024
0.1692890813683448
0.004064220426407522
0.0005639210472654939
0.003202415523306561
0.04200341994277082
0.002339068845994741
6.928663093277461e-05
0.004752888301387784
0.0004610271888070812
0.02379881991862842
0.008675148407640842
0.0219030230333969
0.0008806478556626173
0.008038557348910397
0.0002105811636409149
0.0002110331165121229
0.0001814442525534333
0.0001389536242168957
0.0001501376088775098
0.125112245177094
0.0007832229446209401
0.0002478522435243093
0.03500618954276527
0.565942734878409
0.1048871720483747
0.0003105178980782221
0.001600981527131347
0.0009581354212576178
0.0005285068000416226
0.3691769094889751
0.008629031937623051
0.01004825265843039
0.003176696697797725
0.004474747440911355
0.001361842483652839
0.000507320813438334
0.03650247269900773
5.05023335207388e-05
7.151269771563466e-05
0.02795618842606714
0.01947401041702063
9.30702522308395e-05
0.001272156856103086
3.261191061002321e-05
0.001103413318339573
0.001490086203214807
0.01736076213841634
0.005875226832808623
0.00896744512838418
0.004125533153048992
0.06337272844293494
0.0002466750865066404
0.207716720108927
0.003307035505210123
0.0246419085021606
4.581920779251191e-05
0.1433892988729441
0.0002087689350590479
0.01055184323077516
4.807703618625767e-05
0.02992632241126082
0.0008692204565145094
0.0001404789023063309
0.03027795783117468
0.00098118754202537
0.001376906537257823
0.00120655933935316
0.0009202368996290765
0.004728117648885698
0.0008305305925680371
4.816431379155166e-05
0.004975236991943512
0.002890824344436373
0.01221710119929414
0.001231102502123696
0.0299034176400611
0.004052201469610696
4.604759974925109e-05
0.005515069903294466
0.0005112614872643955
0.5820835053932881
0.006125503235526695
2.474653486760425e-05
0.0005341047432219681
0.002563902656973979
0.01787751596377648
0.0005302755218482171
0.001143763383532578
0.006333414284840873
0.07427878271708284
0.006279762404127847
0.007660532197705663
0.001861329923480623
0.001609382931454851
0.0004256298044698196
0.0249241341816358
0.4849161329828731
0.01074112805621137
0.009187113598191413
0.005391634507664426
0.1369190500298088
0.05699719747906777
0.0002949328817232648
0.07479906442533833
0.0003177504570986267
0.005422354686158553
0.01761903834263237
0.004424029096010056
0.001262872746040417
0.0002545505651928813
0.001678100257719965
0.01160295527568015
0.0005087294446765979
0.02055008791325213
0.4800162204746346
0.01003199679876508
0.004963191250350463
0.002579017470570554
0.0001818742173883001
0.0002404965502252907
9.917149263580173e-06
0.0002629786700072299
0.001628120639438945
9.706061942518569e-05
4.462786798281796e-05
0.001087071944116901
0.2250357692787447
0.01120779313923057
0.006685292467497519
0.002673253264469391
0.03473506338900855
0.0001646490175258868
0.001531793403382556
0.0005771653267964749
0.005819448047501945
0.02527563584415222
0.0006408651920899903
0.0004247158002796925
0.0004467336016055648
0.0001404631836005832
0.0003929445544864611
0.0003616537469318123
0.003080633240300344
0.002654600691634837
0.05569483404703741
0.5415278051666407
0.002253248470945071
0.002063131992791383
0.0631226994680745
0.001113441131312799
0.0006881180728880644
0.002161472580333223
5.381812808744127e-05
0.003925184203776801
0.009825134648178673
0.1616984389286817
0.01543750107695833
0.005201893525469172
7.731698842087582e-05
0.0005291996538261557
0.01041806011689439
0.03737756775243981
2.955353358719624e-05
0.01553870718075985
0.0002707974683104653
0.0004337815955935808
0.005395044968141523
0.01211276591225396
0.0002866909912951531
0.01823881507672489
0.004697753836796823
0.0009090572376798704
0.0115143520374194
0.1337055776592732
0.0003788683889751244
0.03623342986213001
0.02154856601000824
0.001662184937777454
2.048328260028815e-05
0.0004543397081452697
0.0001192469327904369
0.0037528934139117
0.3137176888069786
0.0001384159053957606
0.01340314303493377
0.3557494763813112
0.004433025506076592
0.0008181951036877219
2.701698194346595e-05
0.01133836442660479
0.00236381832244703
0.0001384159053957606
0.01340314303493377
0.3557494763813112
0.004433025506076592
0.0008181951036877219
2.701698194346595e-05
0.01133836442660479
0.00236381832244703
0.6742699665489131
0.001441118873594739
0.08178695374849329
0.06742748792048668
0.001380357000091215
0.07354813537407949
0.3177744162405964
0.005622485328252038
0.06084465224130074
0.0001561435917868181
0.0006402874716872116
1.286264433483648e-05
5.955498712231733e-05
1.914555345391039e-05
0.003282228902122773
0.0008464921200440307
0.5020406258195635
0.09685677094657046
0.0002894389647205111
0.2327608779421962
1.402917162090971e-05
0.0006022416406518749
0.02281656412228311
0.0001812125320956324
0.001104922459258275
0.0001543692427143348
0.0003457929612845328
2.217550445741222e-06
8.21139717863983e-05
0.0002836389177645785
0.1537846377811471
1.05884472764313e-09
2.324361697384927e-07
0.003955799554875634
0.1646086477513884
0.05120360217982755
0.09171645391869976
0.02201680615882709
0.04065577696756661
0.007602111604483183
0.006093776775504443
0.5884880568870491
0.0726847046199117
0.04167007595430966
0.07943435967140008
0.07272157543278422
0.327684594842863
0.01485673945111834
0.2161561745779323
0.005607143212582659
0.1835076173886369
0.0006901721132374576
6.4948226132784e-05
0.0004728510752659125
0.009500644690089715
5.43850421992571e-05
0.003955799554875634
0.1646086477513884
0.05120360217982755
0.09171645391869976
0.02201680615882709
0.04065577696756661
0.007602111604483183
0.006093776775504443
0.5884880568870491
0.0726847046199117
0.04167007595430966
0.07943435967140008
0.07272157543278422
0.327684594842863
0.01485673945111834
0.2161561745779323
0.005607143212582659
0.1835076173886369
0.0006901721132374576
6.4948226132784e-05
0.0004728510752659125
0.009500644690089715
5.43850421992571e-05
0.01080077426869812
0.08852948734375723
0.01382017930266621
0.04523908005613862
0.0361154519646
0.06546685372339693
0.08820476753099749
0.1516583753157892
0.1105532371764353
0.09884827581274822
0.001364145440658886
0.09089960210046666
0.005779778254394676
0.01137206444231697
0.00167849032774522
0.0002331823810238928
0.09154300526771683
0.01116766320325979
0.05081918917022132
0.08021311579636642
0.03919891920655263
0.02772324566354806
0.000401953575668193
0.05254407814213923
0.04895258535954377
0.1558802785290276
0.0164318810801998
0.02140515666347682
0.2938706648341392
0.001207199164845437
0.003017888061974767
0.001041018532409685
0.008837922809607122
0.0003136014251410247
0.0007412509952060857
0.4507478275075804
0.009168163342819141
0.01342958950200306
0.05958904953990654
0.1029033745012865
0.08132190812051736
0.06987774106253673
0.0506372764426024
0.008991684757260341
0.006052439463688578
0.001965051635818789
0.008013998244538151
0.006196852192587445
0.5533774601071925
0.8185326999052766
0.03166420775035932
0.06338363137125992
0.01015744648454944
0.00558032762540465
0.02103073887354066
0.04623868904144985
0.001105702988824767
0.03369941327519806
0.004848863785594988
0.02657398427216355
0.3126095579617081
0.0007534653867585541
0.9556403392254632
0.2669825048630978
0.04050024236426451
0.03740874448501792
0.005386882742419029
0.4701901333231805
0.001230902359569865
0.008034171304394952
0.0228624894222136
0.02743623816303698
0.04612630196203545
0.05611398329366777
0.006846923821712017
0.1617815833193567
0.05756554966589395
0.02036199731015831
0.2319617565476142
0.247566613748018
0.05914975097696008
0.02606002946448246
0.06459352103771673
0.002912601527479006
0.02198269360592943
0.07303402532159163
0.8456668306814982
0.5015406067638449
0.002439843013168651
0.005303638629442743
0.04076175772795903
0.009353253997269785
0.05857464860038525
0.2296493588702912
0.002362403135989701
0.01512863256963746
0.02198269360592943
0.07303402532159163
0.8456668306814982
0.5015406067638449
0.002439843013168651
0.005303638629442743
0.04076175772795903
0.009353253997269785
0.05857464860038525
0.2296493588702912
0.002362403135989701
0.01512863256963746
0.005209571075401144
0.07965881038369624
0.004562105457649689
0.0006883867101568587
0.003099322673168284
0.001702317101503094
0.04123488062070811
0.05781978082743275
0.02823347987515566
0.003413863683314081
0.2965697562866051
0.5522279583937639
0.004017718842265003
0.9285057673442348
0.01388976365185866
0.004236417737211896
0.002013384940801148
0.007326448347567697
0.004506707578002957
0.002793881049027362
0.001189491091918371
0.02925779495227529
0.0257677755943604
0.0225298897488934
0.2586402219250304
0.0002115856357029056
0.01002205113798156
0.2297738520332195
0.1226862461478935
0.01553420051557172
0.02964017417424364
0.02233143022155552
0.4624077256942279
0.02113990191363475
0.02415966297699274
0.05115869383658386
0.002851911825701154
0.2947985830808721
0.0003076213800529736
0.008402661172843471
0.2111900576597584
0.0006564570068137346
0.0007441022949642151
0.1768491722449251
0.07522498543147109
0.03304173005231292
0.1243416025814697
0.1734172626512366
0.006872877662631853
0.05244044968307217
0.01988823895154967
0.0005174882930137204
0.01088516108130155
0.9796216653501885
0.7999331510799981
0.03304998829176889
0.0002490421048144916
0.3409674369727035
0.1540478511798822
0.02369247850536902
0.005062296324065375
0.00064950189065145
0.08587882140903348
0.006016519021425911
0.07480973599648061
0.02473774268325533
0.01175624350922626
0.04492498137884179
0.02169645933284268
0.000797478309653849
0.003830621304980036
0.001526707051420265
0.0133970343595835
3.427903357900121e-05
0.008199592851945724
0.03257755701411054
0.04492498137884179
0.02169645933284268
0.000797478309653849
0.003830621304980036
0.001526707051420265
0.0133970343595835
3.427903357900121e-05
0.008199592851945724
0.03257755701411054
0.001897687046099655
0.0498661997831484
0.04278065404024754
0.002214288351718158
0.001749837862890922
0.03673964064301086
0.002632140925374264
0.001935516633164739
0.04960207772932937
0.001588612012921847
0.05287239362636445
0.002200500311925768
0.1975694659798811
0.03928930613403211
0.0003125436367217835
0.01928705779758978
0.001283715105782269
0.01182315757876251
0.1499778623125426
0.009309037089574625
0.00187491951251668
0.4087390080161535
0.0008014852884799621
0.002305806900303806
0.4129162780873483
0.05573675288242169
0.002841150173039499
0.02449946440626515
0.06624227054369841
0.00943014484377463
0.02143813143240527
0.002449940178977991
0.1510447106080035
0.1097526055244806
0.1008953620658258
0.02121778312330116
0.1534585264202353
0.02255867833708341
0.1233601862265782
0.01580347401361169
0.002905718594650538
0.03267957730854883
0.002125304945757946
0.1568858175214052
0.1189944107734555
0.007109113984257614
0.009705878293187033
0.05515669049494437
0.002067221017892071
0.000315320521536754
0.005437341694831463
0.007740662782756023
0.01099473052887479
0.03117787527116058
0.0348165344460834
0.008891123483939459
0.01146026148023744
0.01369572588795415
0.003917015823508799
0.007109113984257614
0.009705878293187033
0.05515669049494437
0.002067221017892071
0.000315320521536754
0.005437341694831463
0.007740662782756023
0.01099473052887479
0.03117787527116058
0.0348165344460834
0.008891123483939459
0.01146026148023744
0.01369572588795415
0.003917015823508799
0.001154214991844654
0.006242291840625934
0.01842093284926163
0.03320483394173033
0.008172256623258383
0.0001061859281317751
0.01020776251498566
0.002813604448787607
0.01050591258980225
0.02119020779656103
0.007859417525961846
0.00190409441886357
0.04123427017214359
0.07103742510443549
0.01427484165012136
0.03798538444755639
0.2417286803930608
0.0008979302417322056
0.1165110924274712
0.1028182971381949
0.01347912580245853
0.1380025762435182
0.08472075957602303
0.0185721824949127
0.0143751596055384
0.01823390036719258
0.02041597570281683
0.008400915798758414
0.01267546060157326
0.007003531040933756
0.02809486992020889
0.03017466241799536
0.02824654785097088
0.002040865587906132
0.0001428995169693264
0.00810964525967851
0.04813396670179287
0.7661755400164577
0.03423471986513797
0.06269653556286817
0.1791365699178679
0.0401254031475838
0.005200737927189216
0.004465316114136333
0.003828675453000458
0.003676960966471237
0.006399142961086111
0.1289044509758041
0.1467092557785112
0.01228812071155799
0.003597252708704524
0.02028322860505403
0.006151393970557209
0.003741435370383008
0.04722424015509217
0.01500106486048211
0.05976218344043017
0.06325426255591005
0.007274860215344468
0.01214301290093413
0.0006118814893530171
0.05191978389304879
0.005378733297993442
0.03676191004647939
0.0390696140741779
0.0186969836475262
0.02610947121713117
0.01006617398233672
0.01246612220321091
0.01320861825200068
0.02465377027325112
0.006896394768218956
0.004326726487116168
0.008680207774395326
0.009132629821047664
0.0001620054170944259
0.07138898077865036
0.2739717592562528
2.630572199217801e-05
0.001021916714690095
2.005910687606613e-05
0.0004775705242411399
0.0009050823590541936
0.0661660682503164
0.1843047917540417
0.0008421154289347252
0.01681611918051611
0.006384497970052595
0.8494545884667482
0.008873729401176315
0.3492232038272532
7.016027107327063e-05
0.02205969004885023
0.0380258109724341
0.004940658652427813
0.009298680400311878
0.04881362807360176
0.0003653618413750239
0.0004773477630986021
0.01914366112166053
0.01033161443102088
0.000299604223468846
0.01127241378579408
0.0193813754822928
0.0008709589608489842
0.0007673674460289896
0.02239788537278904
0.00163196927789421
0.005527980408632685
0.01030655417602616
0.001068755340201327
0.0004669446352283855
0.009936869543984598
5.587665510761293e-06
2.554517815594413e-05
0.003698069036319327
0.007188260161272545
3.728064293823378e-05
0.08145689347996699
0.02695224955180091
0.003523178098762833
0.0004607307416759238
0.2768374873132053
0.01470720845509143
0.002674639857580376
0.01201336821775729
0.1629582690847728
0.02359261749397443
0.01904794909630057
0.0004969029899962418
2.070093424894058e-05
0.0002945817483836127
0.005152831986283457
0.001270983372303595
0.0005489100499983992
0.0002595658180105195
0.02310974910676406
0.04364531459758018
0.0003770886536247444
0.2013928944117786
0.002767171363591208
0.003110013162636383
0.000173231016070561
0.000553273825634129
0.009473184502564482
0.0001741236573030046
0.002972431398668568
0.001557595276855142
0.004326726487116168
0.008680207774395326
0.009132629821047664
0.0001620054170944259
0.07138898077865036
0.2739717592562528
2.630572199217801e-05
0.001021916714690095
2.005910687606613e-05
0.0004775705242411399
0.0009050823590541936
0.0661660682503164
0.1843047917540417
0.0008421154289347252
0.01681611918051611
0.006384497970052595
0.8494545884667482
0.008873729401176315
0.3492232038272532
7.016027107327063e-05
0.02205969004885023
0.0380258109724341
0.004940658652427813
0.009298680400311878
0.04881362807360176
0.0003653618413750239
0.0004773477630986021
0.01914366112166053
0.01033161443102088
0.000299604223468846
0.01127241378579408
0.0193813754822928
0.0008709589608489842
0.0007673674460289896
0.02239788537278904
0.00163196927789421
0.005527980408632685
0.01030655417602616
0.001068755340201327
0.0004669446352283855
0.009936869543984598
5.587665510761293e-06
2.554517815594413e-05
0.003698069036319327
0.007188260161272545
3.728064293823378e-05
0.08145689347996699
0.02695224955180091
0.003523178098762833
0.0004607307416759238
0.2768374873132053
0.01470720845509143
0.002674639857580376
0.01201336821775729
0.1629582690847728
0.02359261749397443
0.01904794909630057
0.0004969029899962418
2.070093424894058e-05
0.0002945817483836127
0.005152831986283457
0.001270983372303595
0.0005489100499983992
0.0002595658180105195
0.02310974910676406
0.04364531459758018
0.0003770886536247444
0.2013928944117786
0.002767171363591208
0.003110013162636383
0.000173231016070561
0.000553273825634129
0.009473184502564482
0.0001741236573030046
0.002972431398668568
0.001557595276855142
1.871366914963303e-05
0.001440372170144469
0.0005076700731735975
0.0002003369358344284
0.1628231400754817
6.532601327411598e-05
0.01103927181223929
0.0004493616496638708
5.220345662976831e-05
0.006160351152066266
2.34121693114903e-05
9.420293722741317e-05
0.0006805081823850696
6.467861066852134e-05
0.001345316710794806
0.001154803252067657
0.001160303432265765
0.03054554134724944
0.002117921534078758
0.09196562344323084
0.002351220425233985
0.007693312532092923
8.373254026704607e-05
0.02162517161869008
0.04450778503876138
0.0003196154516666084
0.001730380986691927
0.002706622001381187
0.02060387609874808
1.771982871711642e-05
0.01163054523748826
0.0007022563784803154
0.01053981834339086
0.1472008332285722
0.02632743809511738
0.01351879419277276
0.04542063413396894
0.004106684326449183
1.435687030460077e-05
0.0004481819097167786
0.00954746479864412
0.1251230297014349
0.003680245846427592
0.002028587183326158
0.0001254922764512223
0.007230781421272634
0.002648107214685043
0.004688284560206635
0.000578781264208141
0.003013212633543152
0.0001681496794330208
0.002007882784327323
6.618394139397246e-05
6.777513934936139e-05
0.01254262633337253
0.0005367948677005607
0.02381397398447367
0.007463149653084601
0.005279622037351148
0.002340669367931161
0.2217275760702875
0.288141873617751
0.003414830012978571
0.006756390184173271
0.001453093092570833
0.06613089746386372
0.0001468768146942389
0.0003769710632284198
0.001330166093255044
0.001334252584154545
0.01754695241762516
0.003559235657900565
0.01573405168774332
0.01469894753829838
0.005875517287864524
0.002173181807433643
0.1081192696584758
0.05605646679078799
0.0009132118546284507
0.002199694123065895
0.002868788709825789
0.0001179939585445635
0.02771445032021306
0.00415352839100965
0.04447767774350237
0.03823374294710578
0.0292623164826917
0.04303044444064463
0.01166055420999785
0.009343310212869188
0.02119778759629056
0.03755702132695324
0.01750072199137648
0.001064254750562432
0.006437159322960389
0.01176200586906784
0.0007263950339474683
0.000917244614008453
0.00785774411271354
0.00161845784649003
0.0002253878621513117
0.009536218621360951
0.0007537809614283245
0.002354372821533397
0.2249500520652482
0.002827340078943246
0.04901280878803287
0.1200850898026802
0.001713133929505421
0.007044017236941934
0.000585462819825051
0.05029391006053441
0.1497192837797137
0.08531274219902751
0.006236515269948245
0.006753153356324554
0.04710186911753097
0.03023656431472518
0.003200727567838324
0.006365645954646476
0.002132198956867663
0.002595046710435396
0.0007229471164021456
5.412899513727985e-05
0.003459559025983846
0.001542086843029422
0.007697978716788048
0.001261261330691228
0.00371687508475816
0.001223400438964807
0.01240802051920109
0.0009080061303250148
0.0003014457716776228
0.0001903061111397752
0.0012794029530704
0.0001493550173535363
1.636527478623378e-07
0.0002794389228774557
0.002463818659067862
0.1534428962123762
0.001222983596393594
1.47994067167377e-05
0.00711658420598415
0.0007016946697343238
0.001497223033119004
0.0001239880244021832
0.01297162247840943
7.578365650168577e-05
8.706693846808441e-05
0.0008447595586244042
0.05408705916485428
0.004824309670103225
0.0005127737226874112
0.01985776277730532
0.0001420161817809457
0.006377774993524016
0.03565938426607808
0.0002060465686011357
3.085878484570844e-07
0.00177950255758768
0.006555827438806588
0.03784773530565422
0.000146211876696729
0.003752612426258331
0.001205400939997837
0.0003769243159024588
0.01086150798370425
0.001521379667627543
0.001818742720230632
0.001803061904559882
0.01221476678849257
0.02171584709298549
0.003581711374387966
0.00817594138525431
0.000434466719587962
0.004857070085197277
0.003057088466268692
0.0002261818690711589
0.0983543421921059
0.4824666503464126
0.1999559279084858
0.0003142848117315848
0.04560235778882556
0.0122313320036176
0.000308228354932582
0.01001016892542112
0.04073105929685435
0.2174435363042972
0.0006786453837330805
0.0006803657970539727
0.0002017646413432027
0.002986599878613588
0.002636413557109638
0.1317011280614923
0.001872048388467256
0.01247781296320118
0.009749668546095925
0.02311785954948591
0.01271345410829412
0.03596067643949859
0.001909196959680921
0.0001072378897513628
0.007399825042760991
0.002699931620358728
0.003779606919224628
0.04866351910103971
0.006888294981974828
0.01625132135884066
0.006340679741692427
0.0002993997225357192
0.003546255357542499
0.06093141722676138
0.005827428635637805
0.01408359260891057
0.006428323523909465
0.03016061520825331
0.02639907331013574
0.2031694126975392
0.0002007445338998007
0.1464940801647873
0.006892770169829301
0.3663635388788129
0.02294333299542848
0.01269651649290829
0.001773644232754264
0.0006080930248981842
0.001292723370654881
8.093430103131909e-05
0.0007131069558134683
0.00499291174293203
0.009286703770208656
0.009299064140614263
0.1335052728975637
0.00744786968031002
0.3188282733703359
0.01598725185703128
0.09149841239194875
0.007596849139953152
0.01342239978870077
0.0008875633146647192
0.002235494659539711
0.0006518176061709928
0.01644559924798265
5.847253983920585e-05
0.0004271674423687109
2.022131003521199e-05
0.0001061851698308414
0.0004060626200126021
1.552941160422672e-06
0.004612995806233102
0.3973922253656506
0.02185620744081213
0.0004027658203074485
0.002145744488248378
0.009514641626824047
0.0003026300439281792
1.88888273866459e-05
0.002521003265723328
0.004268122052090572
0.003237404653202564
0.006808549877186546
0.001065856069353648
0.007066529938209251
0.07394981065336705
0.001357971768934118
0.007153395903424632
0.002457489888443732
9.71835448922862e-05
0.001006173138475466
0.0007809553435908124
0.0005955247750830923
0.0001708309901795283
0.7640647675053209
0.007945738936074927
0.000460929265722624
0.006873054797331126
0.0001432291880854363
0.2945524067452661
0.03622262207972923
0.01610286995910047
0.002693101925309365
0.1049361066357475
0.00374027048473369
0.01088171264740937
0.4077996309683282
0.03086825079253022
0.001916654943612455
0.007132882092387858
0.02301722870358278
0.01157423631697855
0.003436271450521941
0.2397705945983325
0.003059360787436587
0.002511721772823136
0.05779820098855663
0.02213311114128749
0.02147956508963075
0.0002396352448068037
0.005899576408785928
0.004151906053123803
0.00147325810974832
9.803073569420238e-05
0.00202825458265368
0.01375608979591653
0.0001736795353738973
0.0003926061172596959
0.0006512844283159322
0.0006372298564510645
0.00128362859713855
0.0002236260365421673
0.08865567981925
0.03920617152353213
9.210030825798354e-05
0.01771094682552706
0.01537253563940379
0.02783920835995122
0.02023353393230855
0.03279383935486749
0.003440038973781676
0.001408367320780015
0.00203790215162029
0.0007202201066318235
0.0004658911478341251
0.004780184650000735
0.0003671009298818491
0.00082601425441641
0.001632003918950867
0.002100796842134228
0.01363077164997834
4.750945667238462e-05
0.0002496180431878472
0.001048782996831943
0.0001897343817172479
0.001065856069353648
0.007066529938209251
0.07394981065336705
0.001357971768934118
0.007153395903424632
0.002457489888443732
9.71835448922862e-05
0.001006173138475466
0.0007809553435908124
0.0005955247750830923
0.0001708309901795283
0.7640647675053209
0.007945738936074927
0.000460929265722624
0.006873054797331126
0.0001432291880854363
0.2945524067452661
0.03622262207972923
0.01610286995910047
0.002693101925309365
0.1049361066357475
0.00374027048473369
0.01088171264740937
0.4077996309683282
0.03086825079253022
0.001916654943612455
0.007132882092387858
0.02301722870358278
0.01157423631697855
0.003436271450521941
0.2397705945983325
0.003059360787436587
0.002511721772823136
0.05779820098855663
0.02213311114128749
0.02147956508963075
0.0002396352448068037
0.005899576408785928
0.004151906053123803
0.00147325810974832
9.803073569420238e-05
0.00202825458265368
0.01375608979591653
0.0001736795353738973
0.0003926061172596959
0.0006512844283159322
0.0006372298564510645
0.00128362859713855
0.0002236260365421673
0.08865567981925
0.03920617152353213
9.210030825798354e-05
0.01771094682552706
0.01537253563940379
0.02783920835995122
0.02023353393230855
0.03279383935486749
0.003440038973781676
0.001408367320780015
0.00203790215162029
0.0007202201066318235
0.0004658911478341251
0.004780184650000735
0.0003671009298818491
0.00082601425441641
0.001632003918950867
0.002100796842134228
0.01363077164997834
4.750945667238462e-05
0.0002496180431878472
0.001048782996831943
0.0001897343817172479
0.0108654123370036
0.0004145139247891583
0.0009615837191231948
0.008466344242130658
0.0001250096861042958
0.002021779585144475
0.008172979854284924
0.03055557762631941
0.00261008757591541
5.60338238479015e-05
0.00426247803911921
0.041762251770324
0.09207502988088058
0.002205597561975589
0.01176642718223854
0.001683279766975926
0.001354535152666012
0.0004700577933784942
0.04005703569636246
5.111701488619458e-05
0.0008339241411451742
0.07057786831940596
0.8972981827776424
1.121834294426204e-05
2.856082119591133e-05
0.004302309914727023
0.003999519095899534
0.1045378707502887
0.01447032302039293
0.656280605843188
0.2618864341305076
0.002775566868673703
0.002136331785345932
0.001289091873285853
0.04195398500817382
0.000334832481399625
1.074377272305535e-05
0.003663953712540464
0.0007182054414606808
0.005867049192825225
0.000671340365994294
0.0002398890050439173
0.002498966156109949
8.640387400907869e-05
0.0001053192501599244
0.02047919399086963
8.376182019061306e-06
0.004004187557985697
0.000915515460595385
0.00496622691245808
0.0007426959930094231
0.004950095379348212
0.0002618756146015046
0.0005817719392067573
0.002821623298896777
0.0009215790870279485
0.0009427079311730047
0.001953175502613332
0.003429675885357841
0.1705398825189664
0.0003717392831130424
0.0001769379668752923
0.007667070908567816
7.23679802283225e-06
0.0003236899537095016
1.833896374394771e-06
0.002312516626324589
0.08793858480244508
0.01527655296314782
0.2110544944984285
0.0004089302124199765
3.063914015763446e-05
0.002604483483343083
7.320009736393334e-05
4.078474640662345e-05
2.341858121781267e-05
0.00016987807568209
7.403189592143248e-05
0.197001220375766
0.001878393913993009
0.07324100017777475
0.01879830060593461
0.002960134225279084
9.082205419799197e-05
0.001083648314711037
0.0003287234162764791
0.0003115649196183765
0.0020640621123301
0.001504798822159523
0.0003687629309508728
0.001971702758858957
0.02232774188926825
0.0001831075689515226
0.002050178010675891
0.6864344872345873
0.001641552820494748
0.008512950301456549
4.842514324241937e-05
0.01143640983354567
0.001520854863480159
0.001422327333643028
1.19683654533585e-05
0.04750578853324314
0.00701523358208233
0.0003508890378899456
0.001053515401560043
0.0004755052554405196
0.003460134778363343
0.001005193111214246
0.01127135897778589
0.001292134468885899
0.001290345949809318
0.0001173170654649826
0.0008072053623960533
0.001781631809195727
0.000339393622290734
0.2782676434657266
0.01176247603541636
0.09684717801251157
0.05141325537599208
0.02727080775371702
0.0002261305663784615
0.006262112792396649
0.002061666152488631
0.0002272385009876252
0.0004833867776674159
0.0003024436879427812
0.009858478989134034
0.07061361186868308
0.0001187742422622943
0.0001772319840053946
0.001071641563626281
0.003379161516574852
0.001408588482499665
0.0006721485215355447
0.0009254495424528011
0.001999104294640917
0.0004676325003022755
0.001126164487537446
7.771289591509483e-05
0.00219662092110214
0.004575240383619901
0.0002905509454700414
0.01143542216237405
0.0003321626999215224
0.005528919841373731
0.0001674720124608012
0.000255826460716268
0.0008213307842847515
0.02232274465318458
0.007144127601287513
0.01267837212516374
0.01138537010537849
0.001589894801954572
0.0001049752870345827
0.002369076357992273
0.0003674587054291041
0.002122184152243139
0.002652750227681256
0.0002145716623822455
0.003731283396648974
6.167582738798288e-06
0.01580523734242035
2.497017888107367e-05
0.0002342412715060244
0.1904089406946453
0.003630875601633957
0.01644257736752928
0.01545176112182077
0.05215489550861543
0.0004185204484363545
0.04292983443509751
0.00464128276513614
0.002939926523184371
0.07649258153990553
0.01406465275449822
0.02882565999624595
0.0001027087399203861
0.001818888938592395
0.0001490256072074632
1.624594361481763e-05
0.2180078795426316
4.386736757573123e-05
0.000318782868232461
0.001246946208044257
0.007645745761035254
0.07330251365745391
0.01188342465982036
0.0004090629924814756
6.981322885481539e-05
0.0002412397426557081
0.07789588356569999
0.01025711797985147
0.0002572862966567307
0.007854713078425285
1.296935384621189e-05
2.423487760893495e-05
0.1303662861487529
0.03434922485648326
6.473939963079562e-05
0.1021084807580054
0.6370133543832578
0.0002075400180007652
0.02180639169116453
0.000433475336492248
0.0004290178583812548
0.001990645851715576
0.005273057079555481
0.008759073574638891
0.002342144122943468
1.299780201575314e-06
0.02462426837406634
0.0005914966085636292
0.001965719717283172
5.053354810541706e-05
0.0450533199275712
0.0001289658555269618
0.0003602829784180204
0.1664418346325023
0.0005696686592095468
0.003994966384965797
0.002437683704210201
0.002056714137524962
0.0002768464531010841
0.002117129615610257
2.223503144337971e-05
0.0663902316741272
0.003338522570016813
0.0007968462461050401
0.002914752409373784
0.0005348916581677776
0.000363561554224559
0.0003859757631829215
0.001310383301767072
0.03117011217343407
0.0001243537270059222
0.01915532167573034
0.0001463716202801822
0.0004741854510527325
0.1623492678352003
0.00358520997423034
0.02737076991477461
0.067378849059087
0.0006623074599309703
0.01090100237922553
0.01848232511346447
0.0003672623103664805
0.000799159040640927
9.010779035671593e-05
0.0002696629903338228
7.746898683357782e-05
0.0003989064395868784
0.02726620660575054
0.001538320726695737
0.001857323447481703
1.104813501205001e-05
7.949438118914693e-05
0.001948159349607865
0.0001377826731734288
0.05823065189020834
0.0004150884895175101
0.001086986487911445
0.003667768711388525
0.01083406327310693
0.001058881856602608
0.0001080500914661962
0.005670820525540093
0.1524180869413296
0.7434343283648648
8.014008110671168e-05
0.001705875430275161
0.001000293237925497
0.004613229289224464
0.09270076978253552
0.1038303742544939
0.003039324988287682
0.7674036896109688
0.00160587478406099
0.02510421381701302
0.001297496434225697
0.002359621578203776
0.02174918567190418
0.0002070710880755677
0.002498992349638726
0.000639948103387736
0.0005050361225343469
0.001587573510619938
0.06734458788134803
0.0001960260874070434
0.4325584203717443
0.004879279140169154
0.2155519025248113
0.03836957530276925
0.01459906043315199
0.009733801023225899
7.317345823624027e-07
0.0006106671253946304
0.0002037991832206092
0.005900719010222929
3.35903709080657e-05
6.247260043062317e-05
0.0002670650142298837
6.602703710553164e-05
0.0002460816767191353
0.006165262930093409
6.494414442271505e-05
1.554223747220117e-05
0.001167934394050932
0.0007568846067077266
0.00106304962525938
0.0001245786906913634
0.01288571015107239
0.001583536337036571
0.006280408740014664
2.89202969445567e-05
0.002521995851367122
0.002851761596303321
0.0152574441320224
0.001724300067109865
0.004419939215900081
0.187544507907054
3.091937747269019e-05
3.392704379332581e-05
2.359592026613682e-05
0.140718915565148
0.07894323059943091
0.007852152312529899
0.0003101189743271185
0.0001199031260229223
0.00111588562041053
0.0006874904894258977
0.0005033409891233211
0.1987795425081785
0.00288981811748831
0.1053114741938428
0.01724779444895904
0.0002275141293902913
0.004372221789562759
0.01564455113704802
0.05280313286479699
0.03952409737076302
0.1987795425081785
0.00288981811748831
0.1053114741938428
0.01724779444895904
0.0002275141293902913
0.004372221789562759
0.01564455113704802
0.05280313286479699
0.03952409737076302
0.03567905573629497
0.0004864676874583418
0.2378637277792537
0.0001592596084847316
0.0007626520649926395
0.09397720247056558
0.01108976013848379
0.01375215042024874
0.6035268724427706
0.08978819027190625
0.001113751888496921
0.05540488788357894
0.0008723101370054968
0.01804797449596679
0.07131899303400442
6.159782932205448e-06
0.2327528493378839
0.0595857611264672
0.04912596796755057
0.01744909095790953
0.1135329158201017
0.009513284117267484
0.8495079630627156
0.003743047302147957
0.05950028405197329
0.01257224414244456
0.02207602260803697
0.0295948904092173
0.007776534078621737
0.04679988796878073
0.01814980948192706
0.1170447091600865
0.003054223799875288
0.3957490816650581
0.01111680411542334
0.03732302029924826
0.05275211292793579
0.00808735806913471
0.0006528901725978101
0.01744909095790953
0.1135329158201017
0.009513284117267484
0.8495079630627156
0.003743047302147957
0.05950028405197329
0.01257224414244456
0.02207602260803697
0.0295948904092173
0.007776534078621737
0.04679988796878073
0.01814980948192706
0.1170447091600865
0.003054223799875288
0.3957490816650581
0.01111680411542334
0.03732302029924826
0.05275211292793579
0.00808735806913471
0.0006528901725978101
0.06268692317068572
0.04807876532776693
0.003329910975683266
0.002448592137457636
0.0003220219580289562
0.2319535445931187
0.00382430855300842
0.0001399618155432563
0.8713870183598118
0.005666618539431801
0.01204092081908887
0.04186231138502752
0.000172524139371962
0.1594026750758415
0.002834289902723254
0.01693119258791738
2.871471628559318e-07
0.1555984616589889
0.3005155515939699
0.3490874019047464
0.532785362324774
0.01515514817227382
0.001332857710978698
0.1224024168634773
0.2988017169913793
0.0001423737945270541
0.004456251773922337
0.0008781524994925083
0.04725526435681225
0.01676170938027362
0.06473360102489215
0.005990704456816764
0.001073575321108056
0.2416143511998049
0.03906240100973725
0.2525945363077614
0.7591020335095913
0.8681236644279946
0.08491371471348273
0.0002770708489364132
0.9326027430032856
0.8333559935543925
0.0005066520969085996
0.03990650553207008
0.0004380121387014223
0.01098304892419245
0.1534795418248327
0.005841192432704266
0.90503783722336
0.1056177191266579
0.07662357321842782
0.005903824776144015
0.0008745477016991337
2.03430278990494e-05
0.0004882329578854595
0.998683117797133
0.9926997668337766
0.9944590261958175
0.9835690613375191
0.9661835278169925
0.9985622356229517
0.9982956653445011
0.9830457357168371
0.9218262152946962
0.9981971632773131
0.8103360970791509
0.9013534354291625
0.971116243052368
0.8030032080269017
0.9790243756870055
0.9392779131141364
0.9977187492778636
0.4363817698236003
0.9971997439082192
0.9328280368030861
0.9263647653370538
0.9920871128763327
0.9778341034398212
0.9832172806160316
0.9763696642457994
0.9936568474474706
0.9886999654821137
0.8253811337097581
0.9870618510960963
0.2218620176597848
0.9246295800074329
0.9951896399731438
0.980980814075955
0.9870294133707713
0.5707121457533746
0.850122060855527
0.91572941586705
0.9404263312760013
0.5792591681464373
0.9595056633653929
0.7180916500527512
0.9727349507829811
0.5747955756434826
0.6719961303470837
0.6510449173087959
0.9762498429355451
0.9968273085886564
0.9906518272196115
0.9726291437661629
0.8722953846018805
0.9959573788107878
0.9890628090361703
0.9989276545998147
0.9057118578734298
0.9815480100098537
0.9443009246412358
0.9186694213800076
0.981437292706211
0.97938972944863
0.9768383070233774
0.9165961822139072
0.9899383048924006
0.8310587129163173
0.9516855032748807
0.9920106102418705
0.9919677073321337
0.9620888385118398
0.8796720953042296
0.9640556386928786
0.3389383779117275
0.2124575635960524
0.9928363490597634
0.9788560514264404
0.9854352589107063
0.9840800720389756
0.9723877270874791
0.9893593000446137
0.9670077454296959
0.9855321565754478
0.9913100379824791
0.9853644825792497
0.9763525016129049
0.9565401862089296
0.9334932552761686
0.9455093873152145
0.966787080728334
0.9781810033473665
0.9925080420078473
0.9716254742121527
0.9833676384783975
0.9831819803430207
0.9805494786999442
0.889711885405189
0.984558073323531
0.984555789913363
0.960517955675135
0.879217829566861
0.9899671443010586
0.9311369207690002
0.9841284297941737
0.9360816898075366
0.9775466326039516
0.9805607264576578
0.9698128610799295
0.8475556887244675
0.9576904403448577
0.9514258326437764
0.9933037991160584
0.9383148069181774
0.5725082616609392
0.9916722184470345
0.1633154114339946
0.9061616350993723
0.8075065923381987
0.9933554631776269
0.9680144942900556
0.9156889850871569
0.6057547661719769
0.7714275854237981
0.9739498667379584
0.9663756824078137
0.9852196976614231
0.9596987733758469
0.7700413066555287
0.999150555477484
0.9566543192053052
0.9857974483475611
0.9775002723016069
0.994397200957292
0.8984398530204274
0.9809631343220112
0.9900096149728431
0.9958542406876055
0.9646184918810596
0.9679976320386937
0.7702818409141954
0.9447320594851549
0.9874490052359655
0.9821049188762966
0.9644148616899434
0.9629821161096224
0.9654961185639471
0.9792822092198724
0.9580519222155846
0.9978203900298144
0.9671318032705858
0.883463962898658
0.991948750126624
0.9956845872132927
0.9897302304964345
0.9921282945348423
0.9463807723803217
0.9376402968084915
0.985886740779035
0.9973501488717967
0.09928764410436725
0.9718380090185705
0.9454513652945554
0.9952785643184431
0.9802877808104421
0.9506255987018015
0.9415598064117195
0.9640853105347198
0.9179162657107071
0.9812295951532259
0.9930095772699211
0.2541849100512277
0.995889697634116
0.9495210298272234
0.9768713325277647
0.9987638249958416
0.9199244597677062
0.9715375563939879
0.01477844406279264
0.984679609302877
0.9927890657541891
0.94546880797849
0.960847484391393
0.985511317294453
0.9912415208819684
0.9941429674915933
0.9863913804039124
0.986534201806407
0.9481618771092081
0.5986408415907859
0.9976830217247685
0.9967990767338855
0.867852822786922
0.9963755513902919
0.8963217217317531
0.988644891223595
0.9042092905651893
0.9872252191333633
0.9873931378556445
0.898794702606503
0.9856446033896782
0.9867931324371968
0.7184796891735907
0.997561988203121
0.9925239325700564
0.9963411164211721
0.8877865416015243
0.9922207382286036
0.9856090026671747
0.9744753697012903
0.9846826880088313
0.6405158838438121
0.9818547981257075
0.9606774402339103
0.7611459890259632
0.7840193570717249
0.9692044646378418
0.9943591024801778
0.993137045687675
0.9824035795697517
0.9968132232523654
0.9440908288589396
0.9936826626571306
0.9776645777012819
0.9934445579742969
0.9941464410731742
0.9584687553799568
0.9587475973148968
0.9750780467747246
0.9458628666422269
0.9131237096755173
0.8203758756469897
0.0955557106774818
0.9497305026642315
0.9965505228882863
0.9905381058800589
0.9939489177394853
0.9343770091375339
0.9700326080431835
0.8953276263992536
0.9911608689527882
0.9957525032878458
0.9908227564262897
0.9486260654027903
0.9884962033162203
0.07427849602884277
0.5545490201088631
0.9890482792378013
0.9583254685300782
0.9534222035529386
0.9810320117036463
0.9949388206233614
0.9470805428434544
0.9970372177414641
0.6641567623578699
0.9965417332979707
0.9767031233064404
0.9768936081743924
0.9960944020711145
0.9937674900856615
0.9816984188337315
0.9705715348722694
0.9924949345901402
0.9767412973149399
0.9935464101210573
0.9350274771959785
0.6938755866428792
0.9933379318721561
0.9989247968776483
0.964733107037971
0.988163087728849
0.9965055583430942
0.9785547915917843
0.6708629860062307
0.9504255162870665
0.7750839910170346
0.980662375573914
0.5345286755693298
0.995021089755794
0.9912659933522227
0.9848985851370138
0.998683117797133
0.9926997668337766
0.9944590261958175
0.9835690613375191
0.9661835278169925
0.9985622356229517
0.9982956653445011
0.9830457357168371
0.9218262152946962
0.9981971632773131
0.8103360970791509
0.9013534354291625
0.971116243052368
0.8030032080269017
0.9790243756870055
0.9392779131141364
0.9977187492778636
0.4363817698236003
0.9971997439082192
0.9328280368030861
0.9263647653370538
0.9920871128763327
0.9778341034398212
0.9832172806160316
0.9763696642457994
0.9936568474474706
0.9886999654821137
0.8253811337097581
0.9870618510960963
0.2218620176597848
0.9246295800074329
0.9951896399731438
0.980980814075955
0.9870294133707713
0.5707121457533746
0.850122060855527
0.91572941586705
0.9404263312760013
0.5792591681464373
0.9595056633653929
0.7180916500527512
0.9727349507829811
0.5747955756434826
0.6719961303470837
0.6510449173087959
0.9762498429355451
0.9968273085886564
0.9906518272196115
0.9726291437661629
0.8722953846018805
0.9959573788107878
0.9890628090361703
0.9989276545998147
0.9057118578734298
0.9815480100098537
0.9443009246412358
0.9186694213800076
0.981437292706211
0.97938972944863
0.9768383070233774
0.9165961822139072
0.9899383048924006
0.8310587129163173
0.9516855032748807
0.9920106102418705
0.9919677073321337
0.9620888385118398
0.8796720953042296
0.9640556386928786
0.3389383779117275
0.2124575635960524
0.9928363490597634
0.9788560514264404
0.9854352589107063
0.9840800720389756
0.9723877270874791
0.9893593000446137
0.9670077454296959
0.9855321565754478
0.9913100379824791
0.9853644825792497
0.9763525016129049
0.9565401862089296
0.9334932552761686
0.9455093873152145
0.966787080728334
0.9781810033473665
0.9925080420078473
0.9716254742121527
0.9833676384783975
0.9831819803430207
0.9805494786999442
0.889711885405189
0.984558073323531
0.984555789913363
0.960517955675135
0.879217829566861
0.9899671443010586
0.9311369207690002
0.9841284297941737
0.9360816898075366
0.9775466326039516
0.9805607264576578
0.9698128610799295
0.8475556887244675
0.9576904403448577
0.9514258326437764
0.9933037991160584
0.9383148069181774
0.5725082616609392
0.9916722184470345
0.1633154114339946
0.9061616350993723
0.8075065923381987
0.9933554631776269
0.9680144942900556
0.9156889850871569
0.6057547661719769
0.7714275854237981
0.9739498667379584
0.9663756824078137
0.9852196976614231
0.9596987733758469
0.7700413066555287
0.999150555477484
0.9566543192053052
0.9857974483475611
0.9775002723016069
0.994397200957292
0.8984398530204274
0.9809631343220112
0.9900096149728431
0.9958542406876055
0.9646184918810596
0.9679976320386937
0.7702818409141954
0.9447320594851549
0.9874490052359655
0.9821049188762966
0.9644148616899434
0.9629821161096224
0.9654961185639471
0.9792822092198724
0.9580519222155846
0.9978203900298144
0.9671318032705858
0.883463962898658
0.991948750126624
0.9956845872132927
0.9897302304964345
0.9921282945348423
0.9463807723803217
0.9376402968084915
0.985886740779035
0.9973501488717967
0.09928764410436725
0.9718380090185705
0.9454513652945554
0.9952785643184431
0.9802877808104421
0.9506255987018015
0.9415598064117195
0.9640853105347198
0.9179162657107071
0.9812295951532259
0.9930095772699211
0.2541849100512277
0.995889697634116
0.9495210298272234
0.9768713325277647
0.9987638249958416
0.9199244597677062
0.9715375563939879
0.01477844406279264
0.984679609302877
0.9927890657541891
0.94546880797849
0.960847484391393
0.985511317294453
0.9912415208819684
0.9941429674915933
0.9863913804039124
0.986534201806407
0.9481618771092081
0.5986408415907859
0.9976830217247685
0.9967990767338855
0.867852822786922
0.9963755513902919
0.8963217217317531
0.988644891223595
0.9042092905651893
0.9872252191333633
0.9873931378556445
0.898794702606503
0.9856446033896782
0.9867931324371968
0.7184796891735907
0.997561988203121
0.9925239325700564
0.9963411164211721
0.8877865416015243
0.9922207382286036
0.9856090026671747
0.9744753697012903
0.9846826880088313
0.6405158838438121
0.9818547981257075
0.9606774402339103
0.7611459890259632
0.7840193570717249
0.9692044646378418
0.9943591024801778
0.993137045687675
0.9824035795697517
0.9968132232523654
0.9440908288589396
0.9936826626571306
0.9776645777012819
0.9934445579742969
0.9941464410731742
0.9584687553799568
0.9587475973148968
0.9750780467747246
0.9458628666422269
0.9131237096755173
0.8203758756469897
0.0955557106774818
0.9497305026642315
0.9965505228882863
0.9905381058800589
0.9939489177394853
0.9343770091375339
0.9700326080431835
0.8953276263992536
0.9911608689527882
0.9957525032878458
0.9908227564262897
0.9486260654027903
0.9884962033162203
0.07427849602884277
0.5545490201088631
0.9890482792378013
0.9583254685300782
0.9534222035529386
0.9810320117036463
0.9949388206233614
0.9470805428434544
0.9970372177414641
0.6641567623578699
0.9965417332979707
0.9767031233064404
0.9768936081743924
0.9960944020711145
0.9937674900856615
0.9816984188337315
0.9705715348722694
0.9924949345901402
0.9767412973149399
0.9935464101210573
0.9350274771959785
0.6938755866428792
0.9933379318721561
0.9989247968776483
0.964733107037971
0.988163087728849
0.9965055583430942
0.9785547915917843
0.6708629860062307
0.9504255162870665
0.7750839910170346
0.980662375573914
0.5345286755693298
0.995021089755794
0.9912659933522227
0.9848985851370138
0.9749964203291976
0.9757028316703847
0.8306765497737756
0.9950945195081152
0.5956962032474541
0.9628171970292956
0.995365324741996
0.9956656889829206
0.9946540496004931
0.9717349914261886
0.990333316216624
0.9966701911419145
0.9788169913417085
0.8783360601742235
0.9047873863210848
0.836476226974422
0.6050904691284517
0.994933311115904
0.9689310316910362
0.9259428347005328
0.9853914896734686
0.6945182093370723
0.972250878956992
0.2625171176842165
0.9472191825515921
0.9606013605070934
0.7523580622681327
0.9733830946054441
0.8596995999118411
0.9761701629448203
0.899599216456238
0.9920153970753602
0.9371761534089014
0.9952496491152611
0.8489383584190147
0.9827147411373371
0.9822945541599631
0.005760512365317528
0.9015410547970518
0.9294024185160141
0.9261703635645144
0.7266711451686463
0.4413589834813075
0.8387000354297665
0.9986484903693227
0.7886070010087788
0.8418800812362153
0.4128475058299871
0.9799223613884589
0.9928421718511606
0.501484857061572
0.7612898360549342
0.1801813056732905
0.9271571661190702
0.02901923763266337
0.1603285757101275
0.9929367969136059
0.1447410410777596
0.9794174562389031
0.9908005210818228
0.4591694322115032
0.94201886092577
0.9490289053602726
0.8199794816243965
0.9940658482125633
0.9702306698259587
0.9960585877787167
0.8433502701950109
0.9817121563857442
0.9943530003666226
0.9805859358212944
0.1622447961421835
0.9761676432388363
0.9826766440394266
0.9316352115471008
0.9776847240034768
0.9828399123690641
0.9637856610196448
0.9866972009494159
0.6142186189102865
0.9672908490840486
0.9658193039596408
0.9778722481884485
0.9718432984174667
0.9788033723028491
0.967791304185637
0.9787323948346995
0.9890162400575282
0.9615917051680358
0.9863646708171665
0.9734383337454647
0.9784832294514763
0.8301681157465782
0.8955221675809116
0.9902540489418131
0.9803118825055448
0.9711813855371952
0.9699260107921763
0.9807304964684815
0.9834885565822523
0.9737497927385321
0.9907074800286079
0.9275408758394372
0.9914811007902518
0.7971602373552785
0.9682485269519852
0.9711135503812915
0.9935673664611642
0.9906440709633058
0.9715327488328044
0.8879857622629324
0.9934340766996327
0.4126668728233895
0.9797756665375164
0.9971215514755352
0.9910727257307713
0.9801056904031635
0.9958445488545076
0.9833596435134968
0.4297987398508447
0.9569050513123469
0.96010229743203
0.05872566982341174
0.9805341718211091
0.9659560857312164
0.9106677278051835
0.9186220505059852
0.9846434705273036
0.9824095461524065
0.6904693279962618
0.9205957946399165
0.9679019928922685
0.6298369589018497
0.99391901425222
0.9562056944115396
0.9888994990741087
0.7412738539770802
0.9606771673803746
0.980047768434587
0.1226178437683523
0.9953657306823676
0.9363998102505694
0.9885311965332682
0.9850951903305889
0.9860073583069087
0.9797557363428886
0.988496033934083
0.9884553674259673
0.9781380738225838
0.968336327992932
0.9026374551075038
0.9950485771085362
0.9956923403668427
0.214895520319918
0.9097678866316451
0.7023018636667709
0.9931373997930175
0.9911583197737568
0.9877280319006115
0.9963460997558394
0.9584725152259767
0.7792201125636338
0.9815632014475871
0.9930967347276959
0.9883675763496883
0.8419310854820306
0.9280490355258295
0.9761687170271598
0.9967336499350457
0.8345973936093067
0.9439498300288813
0.9853582058375302
0.7730823735991362
0.8123382568906268
0.9412114689413885
0.9864086101050986
0.9855298181283414
0.9938424908405029
0.9856910494404755
0.987104869047981
0.9633752797955528
0.9793062813691193
0.9622449929564482
0.9667010287363679
0.9887915567598904
0.9314512996177129
0.9969684887134891
0.9991811920329601
0.980227237249916
0.9330505814445051
0.9832762273144462
0.9945559361326446
0.9955036761842155
0.3414459139470207
0.9833976700139279
0.992709409123118
0.962002507961868
0.8931592309113792
0.9516784403919659
0.9957809376181027
0.9309873602831976
0.9569305050474836
0.9837307079112328
0.9958046110732962
0.9344746901577683
0.9065763344261686
0.9728883229189821
0.9867385398899216
0.9335405301783916
0.9714144847880668
0.9938184804385407
0.9484811757832334
0.9807290550088282
0.9364459839339409
0.9859030667803597
0.9782215490801563
0.9933327808722797
0.9970783902796541
0.9713244798864495
0.9287200142058436
0.9284499822969082
0.9398230550023591
0.9968655218469767
0.9799150563193018
0.9696249328981742
0.9948406493844321
0.970882943629359
0.9821474321180792
0.9912148826950483
0.9928532965576252
0.9695195465578237
0.9634510020180317
0.9626988659520143
0.9640723563300099
0.921385317599729
0.7420484964056507
0.9958520371208754
0.7400970202875049
0.9961816960110815
0.9940713299091749
0.9858364865662417
0.9873584509713981
0.9277572755279955
0.9944369910066075
0.954822677502124
0.9754632959497375
0.8882349818803393
0.9826564412850516
0.9567751926664779
0.9008819084411978
0.9772615801290614
0.9818445764976197
0.9965205476072846
0.9975007635260744
0.9933197060141418
0.9839500927513404
0.9492469513234983
0.9451976396303667
0.9883983836987271
0.9925971012712499
0.9817533074719205
0.8855085437461203
0.9466315826925705
0.968758379267714
0.9912426661593484
0.9918679088558491
0.9512032314516534
0.9888648583934471
0.534038896252884
0.875506305389721
0.9883569068356911
0.9915159883935775
0.9912141205418176
0.9965239997343072
0.9910097300251114
0.9605600400702539
0.9848329697662802
0.9969745644051561
0.9680038693263971
0.9924418486679629
0.7043394607049549
0.9853546481570973
0.9270742535242665
0.9658333009546993
0.9347945890130491
0.9749901262114956
0.7942148193529346
0.7835625436711249
0.9615927943842936
0.951546285235696
0.9801844409174292
0.9888409056838156
0.9414253702687607
0.9901325802298951
0.9823969663609989
0.70919738900008
0.02285939798623935
0.992223599716011
0.9911831330744688
0.9700022098227123
0.9204239359889443
0.9647763504482221
0.9970618635014461
0.9971993894746612
0.6508663853504144
0.9580034031987048
0.9589587811034641
0.8383403489775028
0.9413530442346115
0.9176312345847605
0.9535398994976371
0.3803584116473878
0.9662878120559081
0.8775766228647521
0.937914959516629
0.8756080805115238
0.8837159315416127
0.941830715825457
0.9585190235744524
0.8254772886568035
0.9583167836519034
0.9775901126928931
0.9862306162032093
0.9650851082699711
0.822845210917334
0.6852960118811006
0.6919413383579962
0.8850866139569317
0.7720591484905021
0.7641410682062406
0.9415920502675578
0.9791082174877773
0.6652469750950917
0.9942605561556539
0.9595685290938806
0.9826637818101901
0.8904522492380781
0.952322226236566
0.835162984551565
0.2882098556826833
0.4353972731992036
0.9041015399324063
0.3157079615837465
0.4636909435827933
0.9805116821175124
0.9973828697032784
0.8459451930177345
0.6160292262583851
0.9776853505772106
0.992276550925978
0.9876973614758773
0.9498987053928822
0.8012347459576439
0.9849269595639223
0.999351210641718
0.6115764740951225
0.9957239376777179
0.2125303114675392
0.9298984963013464
0.02394152043714536
0.9817131748715492
0.9706464395455457
0.9330963740336434
0.9420813560872472
0.9969386971181508
0.01568454241001643
0.9604880474398518
0.801401576590613
0.9529946920349626
0.9871921518501344
0.9870053192105023
0.8561456149005418
0.933863662194767
0.8602645789712517
0.9660618006823801
0.5621813766962278
0.923764827339847
0.995902429007016
0.9759951567670024
0.9616974106187813
0.9951970140883597
0.9960090758497692
0.9243744901440757
0.9775396936356348
0.9119467930746846
0.9977175521572857
0.8369517968087592
0.9058930052093241
0.8750664116886462
0.9730549758186728
0.9604441064499428
0.9746751147202856
0.9497337472125895
0.9621313118860705
0.9577491449065066
0.9840379692962072
0.9745734801702101
0.9817632072636522
0.9909365439994483
0.982193876389435
0.9696269834342258
0.957195298351643
0.9907016396403785
0.9125952379637331
0.6660533769353694
0.8745614961222019
0.980652214605093
0.9545169367158961
0.5735820070523854
0.7824319321859028
0.9832233255097494
0.9794742770359585
0.9593307744638883
0.9400143915531278
0.6915882729485668
0.864834847401815
0.9793497782699226
0.9824063699554071
0.986827037905553
0.1800042904512515
0.981204762547388
0.9893322987946
0.9180768483748144
0.9705872913859477
0.9906248309620161
0.9526068168192322
0.927550526596953
0.7827921605403563
0.9605644507764322
0.9642248887200964
0.9931303110346226
0.9492215649153284
0.7792959047770006
0.1740466567363107
0.9917024684565406
0.998149134615139
0.9831320947881843
0.9932785779311673
0.9206858783063723
0.9707810671035252
0.9686064117109373
0.9180572460440454
0.7912509373623313
0.9839399296551781
0.7518643421686841
0.9901403597318935
0.9898125371719386
0.9845612276238905
0.9480561611300925
0.9480243348187423
0.6046026234209387
0.9940460550243222
0.9959485934298038
0.9884058593221385
0.9533138066900663
0.9963720875566365
0.9965336301876172
0.9728398760353681
0.9906080840242967
0.9932919639574869
0.9968297190871256
0.9026216057608225
0.9904226371297127
0.9895120038524111
0.9724572702518322
0.9740487897859809
0.7342749890127185
0.9528710373014441
0.7678488270145117
0.9352223126985194
0.9884158569054399
0.9824996240340678
0.9689834390361408
0.9808276991240801
0.9726996993892989
0.814839833238509
0.6267083354641438
0.9789200581418065
0.8959453591433134
0.9667715450688992
0.9574618638587857
0.8819418905689371
0.9983478238493539
0.9191957639972359
0.7527779708525506
0.9659019481342653
0.9454586632673232
0.9274271850647108
0.9888691989475423
0.9742466193759777
0.9716677088368778
0.9838393459462265
0.990617056845404
0.9989340068174916
0.7949649562622367
0.9584482921479002
0.9625367859506301
0.9968166298847144
0.9856030350328324
0.9937461386621166
0.9536615001431717
0.9892254845772801
0.985654694776994
0.9911534462705252
0.9954199784998626
0.909699039248014
0.9495951269098845
0.996316803629902
0.980062512145923
0.9833750488869443
0.9703486890889178
0.983391955224615
0.6201150761154713
0.8718636480732443
0.9834131261519641
0.975429039399304
0.9608350445447423
0.9882512804633153
0.993138681707487
0.9826399746328915
0.9887077427011893
0.8755950861260672
0.9478901862238102
0.929164663170102
0.9370201701641035
0.9965068139276755
0.9858546274746692
0.9926881964488872
0.9846506610088672
0.8537211755908833
0.9096213030477751
0.9773881118349498
0.9592988528774045
0.7735308059780619
0.9802159575143954
0.9655339759910635
0.9953075538173282
0.885951095923506
0.7023106574547312
0.9910423521203598
0.6630625742019031
0.9836615627075892
0.9748725494399418
0.9496074971746271
0.9596877174450628
0.9944527730932483
0.9565405945403154
0.9751040803984881
0.9900441484654179
0.9607924788036211
0.9651593690649531
0.9923982914776915
0.965060888702417
0.9688915300121173
0.554631059164367
0.9885162978351777
0.9785037674517679
0.9712479134992115
0.9896096388364076
0.8665640968035616
0.9959013043778436
0.9660598745032395
0.8683864682179894
0.9454059333673829
0.9912603061161331
0.9953273552034706
0.9671216107262827
0.9944266615226633
0.9918259871415104
0.994497651397028
0.9850593214508555
0.0879078453206829
0.8381412294041773
0.995072049037811
0.9702688192570564
0.985210561469091
0.9648551964528108
0.9605339805269848
0.98037718200647
0.9848414046854295
0.9565885672919132
0.984119787661072
0.9410776036299815
0.944203259229874
0.996483469578397
0.9957365649862964
0.9200044016639999
0.9948659013713241
0.9444378279317271
0.9496118144119597
0.9615927749320449
0.8976193111233297
0.9928787342554026
0.1606362184398519
0.9927284659384661
0.7444547675484748
0.8670613058141597
0.006457470985450421
0.9858935778229614
0.9919602863920304
0.9620470452709287
0.1062461944913825
0.9948068032197516
0.1629554745836608
0.9877089225489267
0.9394635264887988
0.5667681806505189
0.9721510374718862
0.8785579468887097
0.8408494140458955
0.5288584522081468
0.9785562846446091
0.9969247969205149
0.9892390510752522
0.6407165134567487
0.9769103950310364
0.9295110855391575
0.9919119533718345
0.9890636244441295
0.9055035564297612
0.9820941093492268
0.2720432887173507
0.995005140687226
0.91118659837119
0.589258601647472
0.9742221542473617
0.8705596818701723
0.2869936431225923
0.4447482256571493
0.9902583402938695
0.9027367076502911
0.988430586615002
0.9301528569925983
0.9953714861217547
0.6699144991611938
0.9464428907149894
0.9985766259623223
0.9257458360053624
0.9596114291710465
0.9735104330895883
0.9970266295424761
0.9548075094743292
0.9433052233077552
0.9960369414371795
0.8493762763920815
0.4468011307303419
0.2037565759027655
0.9883662512820139
0.8796376102724112
0.9764022065500164
0.99791197611611
0.9896846013820662
0.1379362432100209
0.01516708261252441
0.9908945007387566
0.9663968547835536
0.7799482185687814
0.9686962963083343
0.9471007032319206
0.9840020036618906
0.9772923406667379
0.9344023872731491
0.9826939309497884
0.9703898193920224
0.9655607180904314
0.9727180461190217
0.9113452700372459
0.9779222118494039
0.9817252020446079
0.9934222726133971
0.9836219147698201
0.9827218640720154
0.8453215716911846
0.9938067788628006
0.9473366064488983
0.7438987281431875
0.7744213571277467
0.992478729000446
0.99262645245591
0.8820393737772151
0.9200859158223655
0.8665804183438408
0.0002140761944188109
0.6256302065185303
0.9691237480469421
0.861135693245596
0.9998556083864544
0.9941915917237726
0.6160694227772905
0.9258420346719285
0.9676000631857816
0.7788597806269097
0.9536787087743709
0.7878786305758458
0.9768974266800715
0.5805506417408176
0.6449919429637687
0.998454482478367
0.9545925494808973
0.9961437508169617
0.9263808769961571
0.9817004714134893
0.9507724103002354
0.9692128087426235
0.9621312600932082
0.3329304413444016
0.956802401920489
0.9250141190800688
0.9730397003018455
0.9824622197624145
0.978668778201596
0.9868372704268402
0.9511099281305412
0.9967188879899775
0.9844560921051287
0.9857735229712509
0.9770350284252064
0.9912380356871153
0.9583670001656729
0.9854545505452589
0.8462278833163371
0.9504740765345161
0.8821782379323425
0.9862932610792342
0.9820792954135207
0.7382161904741067
0.9666945705400373
0.9695950243346442
0.9878477337022964
0.9787204179575816
0.9849241215020382
0.9815503068919391
0.96870884499628
0.9836739296502995
0.9803095023776904
0.9788043090762556
0.9605393727097613
0.9814528713415204
0.9828349767168217
0.9963776163052094
0.9732841451974947
0.9620427399330181
0.9853146622657579
0.9850020543781002
0.9679951354319408
0.993684818275209
0.9822430488861369
0.9767235182760693
0.9865387157111634
0.9952542591033351
0.982625950168992
0.8285666496604199
0.9852967570232483
0.983733419655868
0.9916621884462409
0.965855233672551
0.9930196801374451
0.9013280262986199
0.9939766967541797
0.9926121939800915
0.9837043615845724
0.9458913995166391
0.7984688973939222
0.9698256890809529
0.9861047920239057
0.9960214992082141
0.8850836436959226
0.9304559835546599
0.9488743796049602
0.9900084193194728
0.992633662230259
0.8834389168223505
0.9729834909536434
0.9876448154327716
0.991169004479374
0.9100593040232122
0.9676212243214952
0.9563623319950751
0.9140805004138196
0.9903436204644371
0.7694792262447544
0.9757916103032206
0.9529632231542202
0.9753121052848154
0.9949601289590986
0.9456906873770804
0.04459131982419637
0.980819237901448
0.9967389214190813
0.9513802603319683
0.8329388641653787
0.8308411089939111
0.8129556987274372
0.9927025326478375
0.9687344544702583
0.9902824291223293
0.9915817458320535
0.9700420830670836
0.9931558482619604
0.9967924758211556
0.9999688679674682
0.9859984223408427
0.9824800748334941
0.9845921796511905
0.9978459813944257
0.9502640256150632
0.8863301377619404
0.8614563114370982
0.9459563574050721
0.9747399189621384
0.9805241072905915
0.2877930235091115
0.7676956353071337
0.9955628914700342
0.9959176116448145
0.9747811336590682
0.9917174742590319
0.9571422890092324
0.9935460543025896
0.983943017508223
0.9598338679060485
0.9946839715122487
0.9795043223150467
0.8875855791472187
0.9574633325409758
0.985011496899099
0.9921359448573923
0.9748972973394029
0.9921620731631564
0.9795690110357128
0.896850519469723
0.9642668475784546
0.996646162770981
0.9650247985461187
0.9623906793868281
0.9960491965650334
0.9988522073556262
0.9967379901129825
0.9376844623190346
0.9194926942233196
0.990826611530624
0.959569317474603
0.9762509867775004
0.9928964518532946
0.9956806788118324
0.9925035794250042
0.9962050672038248
0.9123759953958064
0.975480471707493
0.9943565569671571
0.9813710627485813
0.9219504826043702
0.9617553719361233
0.9917165198563984
0.9205170488299845
0.7371932078737315
0.9761164054749693
0.947555529494495
0.9759867295120922
0.9905008548857329
0.9521829329259225
0.9782083917851213
0.9311209537776969
0.9423117787996487
0.9986175240812152
0.9957736609668832
0.9931879819569903
0.982850839853883
0.9380642457630145
0.9620382891313283
0.9897961526089254
0.6193460401661117
0.9883912456827412
0.990087335919719
0.989112938024985
0.969464586700072
0.9928926160015851
0.9958924690546456
0.8387264673139952
0.9083956667795573
0.9914224530513311
0.9716276824781623
0.7358205594976229
0.9952524377712174
0.9326341988376171
0.9556936345268227
0.9731957131766059
0.9955043012675518
0.9952436184044317
0.8988754393071821
0.4829906723827569
0.943810028919059
0.9543897247486299
0.9928998240562654
0.9516988811776983
0.9366110378867688
0.9495932918558905
0.9829201354016057
0.9356247525667478
0.9855792513746463
0.5799818012152811
0.9046406289703276
0.7875642067748108
0.8505459109878076
0.9630293628868071
0.5666599930592673
0.9917896285968648
0.8682406463164123
0.9089445379678067
0.8361044205679076
0.6595095012385371
0.989375347801824
0.8809246630782589
0.9410199807858085
0.9481354877277213
0.9723568351304548
0.9944145263666497
0.9834142078351082
0.9173516277286373
0.9671031793944078
0.9948669676809404
0.9909762558360008
0.8174046251096836
0.3457933658490925
0.9386239528460564
0.9965493683962707
0.9733826442292579
0.8346816576223851
0.9968581567497459
0.9948525370781248
0.7566197573539326
0.9281946781361594
0.9130418838568787
0.939703877565715
0.04052114154818954
0.8474870402439023
0.9684880138067006
0.9647429879502849
0.9506094309314083
0.8086092552529971
0.6521931807584133
0.9878693893669631
0.9761852040257805
0.9207323478432851
0.9558738483682466
0.9952689902764124
0.7410442824097754
0.9979429578128484
0.9816004732608602
0.9825341566001777
0.988241496693361
0.986660018494092
0.9379542195489906
0.9837936991332575
0.9658995165611524
0.9749120227277775
0.9911690730401452
0.9897738083095001
0.9399501873015425
0.8408579380636347
0.9827116390788384
0.9880248020677832
0.9856762348504028
0.9766926745906015
0.9696371620051155
0.9941376767872979
0.9850968032116305
0.7804740610633282
0.986333331149828
0.9648038290425142
0.9904034028305463
0.9906745416733572
0.9850647226307246
0.9770521880302987
0.9775304263860299
0.9875449398192555
0.9620370499422493
0.9816495955088138
0.9522555365029571
0.9883095544657192
0.9886006379814765
0.4207124658595877
0.9939906962920068
0.9594629430780032
0.9176909669699091
0.8552691715222357
0.9967497535339769
0.9935084249512662
0.9583941834381896
0.9696438452194794
0.9030342915411825
0.9735244455818656
0.9730820316512274
0.91376740009598
0.2168032919300938
0.9963687457287744
0.9922285290327902
0.9284069081937889
0.9874592564834891
0.9738353514568318
0.8383553637025064
0.9864999019693443
0.9516692564006258
0.9774064981169476
0.9892291006011791
0.9850883946877586
0.9652722467005562
0.8125854628467786
0.8338023233118234
0.9738318739610446
0.9944370628279019
0.996272724981101
0.9627550835592492
0.9790762841055216
0.7214941305930244
0.9460811524630562
0.9919492957540875
0.990926776866866
0.8934137374631336
0.9987985357866211
0.9561446521882908
0.2259120965757478
0.9742631553317468
0.992900774385228
0.9953039413458715
0.9826665372613961
0.9576202298457135
0.9968446091826981
0.9847787523358497
0.9982818388246139
0.7521700377673176
0.9715803556576288
0.8651803660485767
0.9475899049722281
0.9362215575979758
0.9945919854860094
0.9829377945436533
0.8326792221934649
0.9774262775939573
0.986431553323363
0.9985734982745629
0.9816994123439685
0.9933209217642709
0.9531762732153247
0.9753678163803966
0.9575613154247782
0.9710438538717543
0.9933157168084409
0.9892214569692216
0.9735255632225498
0.9863579337228523
0.9991183894897648
0.9464713539533758
0.9882812746320897
0.9853047122425966
0.9800816249736339
0.9962171874058005
0.988386052511592
0.995865150676537
0.9891346275055307
0.9395776768651763
0.9810833446299525
0.9692995727817293
0.9546278711359707
0.9955635073562985
0.5348046698414484
0.974494560462326
0.9777310694618071
0.2275078166482483
0.4954006890647794
0.9855497687340408
0.9518101076727752
0.9457140072592872
0.9899883992751541
0.9966994120913631
0.9767975747891152
0.9428650936205127
0.9954763998317725
0.9959706002890569
0.9729610947534753
0.7019506449174735
0.999058046227513
0.998313672311116
0.9407561572480768
0.8952288230736424
0.9671666147955432
0.9094094268521538
0.9881735454122298
0.8312782944557131
0.9252295115974881
0.9878419073735938
0.8359502057527093
0.9228327546090946
0.980096608860832
0.990193122035619
0.8176526175728103
0.9637457012288195
0.970395498162166
0.9941160489771055
0.9746969087221588
0.992092887173088
0.6832792862588858
0.9777301604394762
0.9656235287184082
0.9958033017960012
0.9852175725839466
0.9953208593033008
0.9458673279393398
0.9888470662496286
0.9926578656763103
0.9870997927033364
0.9981795423612171
0.9984198283131237
0.992600521655909
0.9888188686673314
0.9687356826516162
0.989275695287463
0.627467809680635
0.9058685820189124
0.986585961419621
0.9802276141922343
0.9445317493783765
0.8729385070784815
0.9801179751324792
0.933679390288327
0.9568667212000285
0.9981014762979445
0.9352579832482816
0.9611457601466383
0.9761263651496247
0.9908441687441638
0.8330555922270068
0.9869902684233627
0.9520872577317655
0.9858311766245671
0.9833838645864363
0.9966380995251656
0.7479327735098698
0.9944738856824317
0.9902866935713643
0.9885612012085104
0.9963688990541727
0.9945179081479444
0.9901410945542247
0.9916923666849116
0.1669893852730326
0.9332956012862689
0.9871881245149484
0.992424265022511
0.9529207357334075
0.9720336896200347
0.9867271792332053
0.9388661757245853
0.9881682756273462
0.9223906790843227
0.9746511718713929
0.965807290931577
0.9895027606292404
0.1187683424344081
0.1041154334070291
0.1187683424344081
0.1041154334070291
0.2246976290565746
0.00414491400756125
0.2346979784754541
0.04984945984330418
0.1520491163859595
0.3836012408715867
0.2606436809271824
0.3466969567656458
0.8204255556975772
0.2981053565752788
0.003658024988289049
0.001430636542636265
0.001396796404753634
0.004401382562025632
0.004523033457296721
0.07179961600572482
0.003658024988289049
0.001430636542636265
0.001396796404753634
0.004401382562025632
0.004523033457296721
0.07179961600572482
0.04445310902556021
0.08884895890044589
0.02632568448179214
0.09191837306032151
0.07282362591765543
0.0002904015054199855
0.0005691657716850387
0.0005894353786662896
0.01427236451534223
0.0003334671089424858
0.2679635062812291
0.4774122579708784
0.0003291981943636128
0.01127688676711392
0.7768859110498593
0.004630883384236328
0.1461772603376614
0.8331964205612536
0.08927290435100137
0.09986502170630411
0.0007089235092630756
0.7861648097162215
0.08322365082234154
0.004592395981584785
0.000660889434282206
0.0007777130696512812
0.002109167725327872
0.01431036573753378
0.01029734291392104
0.006350206981984125
0.01070776617159301
0.01725107272754404
0.04643887246822771
0.0001115630517250786
0.01290724474995253
0.0039367233318816
0.0003402820684582988
0.0139984944645225
0.02499447447404182
0.6893890889132175
0.184319884454971
0.008915645193068178
0.05826444683139629
0.04480832256780193
0.07337001005567867
0.04675430625894344
0.0002144901343267063
0.104634459906288
0.006442651825855544
0.02166165004054225
0.01499005040625664
0.0004132115171045119
0.002059037209913394
0.003367760621092434
0.01091661692116185
0.4387410873939984
0.1495750874813447
0.2877994062943598
0.1144076335944572
0.184319884454971
0.008915645193068178
0.05826444683139629
0.04480832256780193
0.07337001005567867
0.04675430625894344
0.0002144901343267063
0.104634459906288
0.006442651825855544
0.02166165004054225
0.01499005040625664
0.0004132115171045119
0.002059037209913394
0.003367760621092434
0.01091661692116185
0.4387410873939984
0.1495750874813447
0.2877994062943598
0.1144076335944572
6.525888101493736e-05
0.9352506773705997
5.83015973680705e-05
0.01190068080695348
0.002930642211360704
0.03680233552266062
0.02987792656153999
0.001810598877380346
0.009477204493931602
0.7240281920711077
0.3493341821238956
0.1266941804979811
0.05456117277365537
0.01020820568198077
0.00109519339064355
0.01805888501179929
0.4903858016120891
0.01727293006693024
0.1295319189485849
0.09382106893633786
0.03623087319112159
0.05602376826190392
0.05048746646053789
0.2140578876269985
0.1997451133796011
0.005828987685931367
0.05641610798844195
0.178279267264017
0.3013218081773016
0.0003167488336280019
0.002042642992730062
0.04084589378379079
0.1325040113220987
0.3119363187507873
0.0006892304019025078
0.5759424167717134
0.01050011762570908
0.02198254005475729
0.002713292216075606
0.02336984237350743
0.0633817126549279
0.1569925588687284
0.3285505377121405
0.0009632802267310282
0.01170580914332587
0.01082578928018308
0.2869910996242857
0.132258484492875
0.2319359799973316
0.4210607669782364
0.4879679211927889
0.006449725799070683
0.001989134439854084
0.381620812043497
0.0005656018139244436
0.07398436455896226
0.001481025153491116
0.0001389172126764351
0.397811529270344
0.550243105206144
0.04906997525784643
0.01682007564494853
0.5337875132571194
0.3929297121801053
0.0006806291546805462
0.004374733472333039
0.1970623072869594
0.1300082696688594
0.5580132086658649
0.0148618356946037
0.09081736828233483
0.07351688420624206
0.007006179338733831
