0.0006235381783934707
2.780813269320582e-06
0.002805133171256281
0.0005185590187824549
0.1201175147339222
0.008719482973012796
5.666132935848846e-05
0.003946680830238693
0.0003021310151031494
0.009436532053838773
0.02405382930899154
0.001599002058399368
0.002126499160291263
1.484968593404785e-06
0.04369246997546898
0.001832224232844651
0.00111860591100911
0.001065093214434923
0.007842534666639428
1.130023299150121e-06
6.025884591545391e-06
0.0001294118126751141
0.0002745636936485181
2.125975458871606e-06
7.767344237309315e-05
0.0002433000952906112
0.0001743525290809062
0.0001330176289689849
0.003465962500278415
0.006321881586630217
3.768831828210133e-05
3.896324442650984e-13
0.004789789159266668
2.39104336716072e-05
0.0007963896814609254
0.0001931559224652622
0.02063766771930145
0.0008650353785698203
1.84216862072834e-06
2.906070741746483e-06
0.0001096883652114704
3.995753903118797e-05
3.010722556268811e-05
1.095597851215515e-05
4.529155320194945e-06
0.006876627355284087
3.690715306268431e-05
5.918738240865013e-06
8.916591567840502e-10
0.003284993492834674
0.07700390607241571
2.163118925942012e-05
2.877641666912153e-05
2.285601126034858e-08
5.567840552488224e-06
1.449581362409669e-05
0.0001664189937793163
9.714841756356364e-07
9.892517134824222e-08
3.078103552541859e-05
7.983066506582193e-05
3.849133436649133e-07
2.900803226453586e-05
6.643103367784427e-07
1.346063599636976e-05
0.0003206473168071227
2.056605690487067e-06
5.2693361287647e-06
7.657578973001962e-08
1.496458681387442e-07
1.383815344400302e-05
5.333133494123566e-06
0.002959773857966826
3.424834611753781e-05
0.001306911406842525
0.004633602550542673
4.931618858699022e-07
0.161760694937414
9.043948540289788e-05
0.01153509256250041
0.01162389675851841
6.89479558978888e-07
3.570435191451585e-05
0.0003030895638389731
5.617859022788191e-06
4.296568946614214e-06
0.0001751781604029569
4.332570566521203e-06
0.02734021115906333
3.79585928075006e-07
0.0057799044445354
2.306707756682025e-06
1.426081036030234e-05
0.0001054234335273235
0.01668520924784542
0.02656521154049673
0.006579477204632873
5.802759750594529e-09
0.0001675621439139895
0.03764893133214838
1.184330730640089e-06
2.184907545156121e-05
0.008250143675475623
0.003436759911002083
1.480464399648463e-10
2.13066407580695e-06
5.845416559950144e-08
1.470098672569471e-07
7.180215728800024e-06
5.134626718192117e-05
8.456650764518597e-06
1.896235106384613e-06
0.0008957230422021503
0.1395750653253933
0.08771222449070612
1.111069382189537e-05
0.0002211436098677577
5.855983184239038e-05
0.01661931494944163
0.005476949229171054
3.5337333573345e-05
0.006950140911369463
0.07548806334502071
0.03251487134701997
9.632030220934286e-06
0.001062891832921246
2.690032659503508e-05
1.518549598031713e-05
0.0006235381783934707
2.780813269320582e-06
0.002805133171256281
0.0005185590187824549
0.1201175147339222
0.008719482973012796
5.666132935848846e-05
0.003946680830238693
0.0003021310151031494
0.009436532053838773
0.02405382930899154
0.001599002058399368
0.002126499160291263
1.484968593404785e-06
0.04369246997546898
0.001832224232844651
0.00111860591100911
0.001065093214434923
0.007842534666639428
1.130023299150121e-06
6.025884591545391e-06
0.0001294118126751141
0.0002745636936485181
2.125975458871606e-06
7.767344237309315e-05
0.0002433000952906112
0.0001743525290809062
0.0001330176289689849
0.003465962500278415
0.006321881586630217
3.768831828210133e-05
3.896324442650984e-13
0.004789789159266668
2.39104336716072e-05
0.0007963896814609254
0.0001931559224652622
0.02063766771930145
0.0008650353785698203
1.84216862072834e-06
2.906070741746483e-06
0.0001096883652114704
3.995753903118797e-05
3.010722556268811e-05
1.095597851215515e-05
4.529155320194945e-06
0.006876627355284087
3.690715306268431e-05
5.918738240865013e-06
8.916591567840502e-10
0.003284993492834674
0.07700390607241571
2.163118925942012e-05
2.877641666912153e-05
2.285601126034858e-08
5.567840552488224e-06
1.449581362409669e-05
0.0001664189937793163
9.714841756356364e-07
9.892517134824222e-08
3.078103552541859e-05
7.983066506582193e-05
3.849133436649133e-07
2.900803226453586e-05
6.643103367784427e-07
1.346063599636976e-05
0.0003206473168071227
2.056605690487067e-06
5.2693361287647e-06
7.657578973001962e-08
1.496458681387442e-07
1.383815344400302e-05
5.333133494123566e-06
0.002959773857966826
3.424834611753781e-05
0.001306911406842525
0.004633602550542673
4.931618858699022e-07
0.161760694937414
9.043948540289788e-05
0.01153509256250041
0.01162389675851841
6.89479558978888e-07
3.570435191451585e-05
0.0003030895638389731
5.617859022788191e-06
4.296568946614214e-06
0.0001751781604029569
4.332570566521203e-06
0.02734021115906333
3.79585928075006e-07
0.0057799044445354
2.306707756682025e-06
1.426081036030234e-05
0.0001054234335273235
0.01668520924784542
0.02656521154049673
0.006579477204632873
5.802759750594529e-09
0.0001675621439139895
0.03764893133214838
1.184330730640089e-06
2.184907545156121e-05
0.008250143675475623
0.003436759911002083
1.480464399648463e-10
2.13066407580695e-06
5.845416559950144e-08
1.470098672569471e-07
7.180215728800024e-06
5.134626718192117e-05
8.456650764518597e-06
1.896235106384613e-06
0.0008957230422021503
0.1395750653253933
0.08771222449070612
1.111069382189537e-05
0.0002211436098677577
5.855983184239038e-05
0.01661931494944163
0.005476949229171054
3.5337333573345e-05
0.006950140911369463
0.07548806334502071
0.03251487134701997
9.632030220934286e-06
0.001062891832921246
2.690032659503508e-05
1.518549598031713e-05
0.01662762222284584
0.01253653253063552
0.002067188979355665
0.1063188568732116
1.026607057869433e-08
0.0559332181093099
0.0002359662052708658
8.469770242741697e-06
1.619238290216366e-05
0.00191265459847157
0.001035248514372644
1.952326618699595e-09
0.0006372257763884829
0.0005204520045186123
0.0001892181307122396
0.0003981877429621966
0.0007616438940691395
0.02667112499399451
0.0007573692801915992
0.0004364323209671991
0.0004402241655865346
0.001646659775587585
0.001943065421926127
1.531559799401231e-06
0.0001019678842110464
0.000364042892621474
0.005878310423403909
0.0001500094217324346
0.0001316404000539465
0.000363351135065291
0.007174583374186108
0.0001307108649674219
0.001275247383103494
0.00335898339398333
9.370870606294354e-05
0.005685166317532958
6.627664009339065e-06
1.248962938368778e-06
0.002246142887603057
0.0007296530575391094
7.082581844921714e-06
3.189183409529976e-05
9.526585604849828e-07
1.204529455864357e-05
1.022190447413266e-06
0.009320112397301147
8.466071677164888e-05
0.0006792464473618988
0.002178283044868657
3.768835962435425e-06
0.0001850099745427271
2.41285493835848e-05
7.047137213466927e-05
2.358192152162519e-05
3.731497532498596e-05
9.951787296312736e-07
0.0002061306856042921
3.886919716445914e-06
0.003488984241761731
0.002312362649805509
0.0003172908233360529
0.0002505540724904427
0.004361733438304069
2.318701732481245e-05
2.85527684417543e-06
5.561708491874487e-05
0.0002515422244004356
3.252623152331356e-05
0.001501956661645012
0.0009618225959312358
6.142728265213444e-07
3.156417957088959e-05
0.002453203023283476
0.0008000713830497473
0.005745938905641259
6.244171748820682e-05
1.274546081873499e-05
0.001322247510359043
2.984119217007323e-05
0.01162429731790021
2.921197201643173e-07
0.0003939043518310849
6.603973105670764e-06
9.495274851627427e-07
0.0001528885807252213
0.004780299694750282
1.603918148085295e-05
7.89765872004778e-05
0.0008942733795995774
3.22960451353368e-06
0.0003345926344266008
6.640423876534398e-06
4.401090146246032e-05
3.94297954635163e-05
6.633312843909017e-06
9.638725118495718e-05
0.0001051197503688799
0.0005027211988230943
1.524261894843916e-05
4.469961692021295e-07
9.952847761717083e-06
3.231837848769292e-06
9.509522667605705e-06
5.239373025970658e-06
0.09725077440625488
1.67559914542453e-06
0.06823996752372768
0.006278603206062498
0.001123630596136911
0.0001242574008064444
5.114119265125822e-07
1.026225919694059e-08
0.06187739630167696
2.099899282273547e-09
0.0001435306739717134
0.0003555904838201614
3.436579663947244e-05
3.612043973989808e-06
1.094062808802523e-05
0.02293120707442261
2.072881870726308e-05
1.095926791131237e-07
4.056630629419433e-08
1.672270216580798e-06
5.944966656355842e-05
1.455014801685571e-05
8.77131482043748e-06
1.039706073514161e-05
3.69358235509597e-06
0.0004138618979659127
0.0005264567332082008
0.1108404416902468
0.04154028790402541
0.0001407399870655575
0.00331791245304435
0.0001083068548691906
0.007372739078886937
0.0008621804883038852
7.028617349523787e-05
0.0005588385420677273
0.01687239999454112
1.222941416654279e-05
0.0003865612414170062
0.001464996535749625
0.0002917463478382977
0.0005013876745034112
0.001535614349968947
0.001804191912299169
0.0006211858759740272
1.863761133397353e-05
6.099044236607163e-05
0.01462986357436605
8.032183090983045e-07
1.696284857969033e-05
0.001722307436731323
9.925090846163687e-07
2.62665867727881e-05
0.0002020469716619166
0.0001443857764070339
9.158981776301775e-05
0.0001841800224383428
0.0001034641194099732
0.1349064683886508
0.007626159056362379
0.0001166875035696963
9.133061050939846e-05
4.159776906411069e-05
0.002172693879987884
0.001866641996469453
0.3467791443737932
0.0001262675685612673
0.00021549911064742
0.0021465499779744
0.001521668385280675
0.0001440922011592425
0.0002861540124335814
4.132357166491419e-05
4.687370855945394e-07
0.0001024961069649852
0.002994716096937313
0.001357882922958917
3.921546327027776e-06
9.838613690075286e-06
3.082082336647011e-06
1.595252915212038e-06
1.978927004889834e-06
8.250219093590491e-05
0.000391673514409327
3.232914808109227e-05
1.020705527662793e-06
0.0004302030110284069
1.977111413839579e-05
6.525153159943139e-06
4.620465358888223e-05
3.710778742980939e-05
0.05108031087101445
3.260262074606982e-06
1.462514378642451e-08
5.514758479873735e-05
8.878133132821274e-05
4.473268191896226e-05
0.0001476682845446116
0.009248586690527317
8.770127164983259e-05
1.479492508253915e-05
4.82676040485757e-07
4.886029463909447e-07
0.0001777384147620743
0.000218091931198096
7.805850153482207e-07
1.573092638152957e-06
8.165642317161983e-06
6.769703675927879e-06
2.398535756653283e-07
0.002932213993589619
0.0003073410510274081
2.957305031983654e-08
1.943617032974979e-05
4.237066764333891e-07
1.498845440322114e-05
5.239889201238537e-06
1.119770061068487e-06
4.959818217838985e-05
2.766124640766728e-05
0.0006417944693517793
4.791952130467308e-05
1.816232933352425e-05
1.416186790756003e-05
8.81849970869121e-05
0.001849676990184677
2.541689253754232e-05
0.01174210678249571
0.00415877229830531
0.001780786600543098
0.03014761540808982
0.07652356723750132
1.771689679953448e-12
0.001685602675587754
0.0004412135675824702
4.349918394094418e-05
8.327767581565503e-06
2.354369260197715e-06
0.003690661386372612
2.651673648444128e-09
0.0001219203732665784
2.363483820275837e-05
0.0007676524170280814
0.001501135619425286
8.499793168548065e-05
0.0008506294463138947
0.002604930098443024
0.0005630693584101016
0.002488773957719404
0.0002181081151761891
0.0001834426402405413
3.469652168915057e-05
1.01686630702695e-05
1.033536706293443e-07
5.149866623208283e-06
0.005199745501141635
1.682672317622491e-06
0.0005391697156039051
0.0002362401408398077
6.120414565154277e-05
2.578864335782685e-05
0.06657232504524817
2.208002121867079e-05
3.811426714836594e-05
0.07623509884356355
4.444338679720389e-05
2.940765161177471e-05
1.635642181449563e-05
0.02799091179791005
0.04556145276617068
0.04331448092963126
1.083970759144041e-11
0.00330899641827804
0.004467978344312775
0.0005385604359843592
0.002414956815006333
4.925148946180959e-06
8.503521909236867e-06
0.0005627079986670373
2.734652489910584e-05
1.272661187947419e-07
0.3718529716040239
0.0004876493689262825
5.440013325745855e-10
0.7604734815723663
0.3881049494304543
0.002358987770577582
0.0002038780250904739
0.002039355362292446
2.528924110782452e-06
0.0002677910845313729
1.028038132368388e-06
0.001900871309924894
0.000408764583239612
6.612775980439275e-08
0.0005424947477360109
0.0003116383954379508
0.1533000701246016
3.067002819805122e-05
2.445484520550025e-05
8.623150528994603e-07
5.210819646436512e-07
0.0001869140814123784
6.776073983091542e-06
5.678913946239913e-06
3.729130683075664e-05
6.705035920671654e-05
0.0003443017967713713
0.002684085169849188
2.652526713868937e-06
0.2119494411867741
8.12125958008087e-10
2.01400237935379e-07
2.852996851742868e-09
2.328523313118445e-09
0.211456603853486
2.334115876198055e-05
0.01374745048591963
0.0001059943512380254
0.0001276567475673647
1.072620496496084e-07
2.370251026619675e-05
3.509516195271356e-06
5.30877602758478e-08
4.06426388135031e-05
3.982443138417119e-11
0.01201262711499036
7.707968424648747e-07
0.00060400416567291
0.0001296497067238147
9.51142409873265e-05
3.789939987882531e-07
0.001090733078893628
0.0006210212114432459
1.16526760557213e-13
0.001514197032591786
0.0008810748631083408
5.137814204824085e-07
2.569082122707644e-06
0.0002804414342425946
0.004015075981461722
4.788118693164986e-05
1.549009278897337e-05
0.1241629708181072
1.003048575544493e-07
0.000136160898804433
5.695993985288079e-07
0.00039921226685973
0.0145845951143163
0.0003101784891826158
4.827032918100823e-05
0.0002862062329712797
0.0002890487206455616
0.2286602578405453
0.002050109791087322
0.0003531243765482986
3.513648841749101e-07
0.06573269080422363
0.0008126357206512785
0.001191144863043771
0.001183622424324788
0.004432530893468171
0.001347350438659472
0.002532032578176755
0.05254831005960017
0.056240010593967
3.554723827802711e-05
0.0008699525448335409
0.006961722878703217
0.001369446748192204
0.0002589559464553809
5.62581133630011e-06
0.0002085982465683799
9.185212003197806e-05
0.0003479479364506796
9.930438069977396e-06
1.539660410494234e-05
0.2372329278500059
0.003573002147779888
7.060510095029232e-05
0.0001055970496457697
0.001721779529748718
6.527277692941557e-05
6.86408768828853e-05
0.005191580141422297
0.01992574359926681
0.0002402407668975927
4.681219751662279e-05
5.203741753780146e-05
0.0003516957262442174
0.002516403988344807
1.47872750714495e-05
5.177274934169863e-05
0.01206268977715485
2.010405123660591e-08
2.870530002748979e-05
1.508254883661209e-06
0.0001054386261106775
0.0001861921677774835
0.005994084885738918
8.574619250411519e-05
4.840860008417321e-05
0.0001150629678425491
0.0002330564904602988
0.001242325377240807
4.125205873306059e-05
0.0001692267997723121
1.129439080898886e-05
0.001652679323972603
0.006751000200869188
0.004959116125674548
0.0001851360281832526
4.435557422806956e-06
0.007426601064714374
0.003496089642181365
5.062964984015538e-05
0.00949600594836302
1.101628570442894e-05
3.576422783361972e-06
0.1675713917792897
1.791362860477854e-06
0.0006171494130336904
2.199702350352157e-05
8.37083307392048e-06
1.982437772136532e-05
1.342298688330986e-05
4.415665859232177e-05
0.0005294587282530561
0.0001451125472382781
9.48634513521027e-05
1.084515166159066e-05
0.0001849783562511943
3.513712564383488e-06
0.0007032924879773328
0.0001295952786222593
0.0002173983804681413
3.546683717559961e-05
0.0003881670803596912
0.003564803738258214
5.778880162663096e-07
0.0003162150332450186
1.438608035050806e-06
0.2019110985249661
2.786300862516506e-05
0.01407258473851605
2.028509651331709e-05
1.586351721327227e-06
2.657585334073712e-05
0.09736086069943246
5.743382355691499e-06
4.924651610474409e-06
3.969220315860835e-09
6.644327784621594e-05
0.0001248556439940589
1.668071569815444e-05
1.895923036382961e-05
1.772717860148233e-08
1.029938415050588e-10
1.550486329152165e-05
0.0001631316267931126
2.615073164979063e-07
3.453651469325489e-05
0.0004615604379517846
5.256784624214669e-07
0.0002411161189058192
0.0005722053474619368
4.448818857429789e-05
2.748078615147318e-06
0.001724972368458824
0.3903408997437416
5.81661067006476e-05
0.01710350113291478
0.0005137435413149555
0.000120475050855061
0.004333552341701095
6.801625024970836e-09
4.523968995133738e-06
0.005966098937138203
0.0003700284891014962
2.025174278448727e-05
0.1405928174911133
6.298002684596053e-06
0.0001197459662820421
0.004730586180478713
3.849702651573245e-08
0.9559937924598956
0.8905518006817887
0.9449257112499
0.8054765136743153
0.8504903085254727
0.9709382355994568
0.9090133429212759
0.9663144013143363
0.9346549032742565
0.9689070229547888
0.9705732045202508
0.9482178027276491
0.4043841587080599
0.7235840607843427
0.9775777226285617
0.7858293443904496
0.9318531948983615
0.9456626098571912
0.9607628230091428
0.4146981744262262
0.9580582265615866
0.993492380139625
0.3934308441794034
0.07776172636923319
0.9754555380405299
0.7999650280339514
0.762874460278971
0.9129243898053102
0.7057205715166648
0.828207085373211
0.5300557797231584
0.7935167480102948
0.8584150774011611
0.8802209291018863
0.9310916860586147
0.2058017436328776
0.8526026624491249
0.9388366799720517
0.6361595330429536
0.948630091921042
0.8496339970851109
0.9456400246223319
0.9150002133772188
0.9535613086311375
0.2978224084409641
0.9565249495772965
0.9214008495122639
0.3076308491523356
0.3652549052794575
0.9726089675810419
0.9907180015716045
0.9811727491884831
0.9737612027491677
0.9154167115450711
0.9225554196001767
0.4552489273323184
0.9804316562890601
0.9820285374813155
0.943799954552459
0.922848861349315
0.958701087254159
0.9590386737947242
0.9830825458145526
0.9774209909295302
0.9332871587161817
0.9782232305166921
0.9474600958428347
0.9309903092601426
0.8627165966587127
0.9674403298177213
0.5275036501925189
0.9441962577517635
0.9424986302226201
0.9924016170246667
0.9825606109371625
0.876564489951748
0.7959473401240968
0.02449742415337282
0.8744870728319296
0.93333779671539
0.9647205341668657
0.8194828806345819
0.994794780271807
0.967543175298044
0.8375593137204013
0.4578752528213173
0.9880620133598281
0.7175214962966046
0.9808305984594752
0.9903404361993935
0.991903600758455
0.9375102674069549
0.959950377992183
0.9413829447721707
0.8592208181122448
0.9323932917835064
0.9744083364800447
0.9806514482269012
0.9421782850685778
0.9177248636622395
0.9936722951294636
0.9793274257939971
0.9936628384636692
0.9270643105867309
0.8896343737435611
0.8983354913735002
0.953193595421525
0.9502512037069256
0.9576415527795925
0.9073281765392868
2.876468750408646e-09
0.9652653183411611
0.9869819443523119
0.9623384259411657
0.9801827181221421
0.9804910615493628
0.9436103502349652
0.935201060800773
0.9191796248147418
0.9427567928646956
0.950805696071992
0.965988945051373
0.9737967700691086
0.869977861698076
0.9559937924598956
0.8905518006817887
0.9449257112499
0.8054765136743153
0.8504903085254727
0.9709382355994568
0.9090133429212759
0.9663144013143363
0.9346549032742565
0.9689070229547888
0.9705732045202508
0.9482178027276491
0.4043841587080599
0.7235840607843427
0.9775777226285617
0.7858293443904496
0.9318531948983615
0.9456626098571912
0.9607628230091428
0.4146981744262262
0.9580582265615866
0.993492380139625
0.3934308441794034
0.07776172636923319
0.9754555380405299
0.7999650280339514
0.762874460278971
0.9129243898053102
0.7057205715166648
0.828207085373211
0.5300557797231584
0.7935167480102948
0.8584150774011611
0.8802209291018863
0.9310916860586147
0.2058017436328776
0.8526026624491249
0.9388366799720517
0.6361595330429536
0.948630091921042
0.8496339970851109
0.9456400246223319
0.9150002133772188
0.9535613086311375
0.2978224084409641
0.9565249495772965
0.9214008495122639
0.3076308491523356
0.3652549052794575
0.9726089675810419
0.9907180015716045
0.9811727491884831
0.9737612027491677
0.9154167115450711
0.9225554196001767
0.4552489273323184
0.9804316562890601
0.9820285374813155
0.943799954552459
0.922848861349315
0.958701087254159
0.9590386737947242
0.9830825458145526
0.9774209909295302
0.9332871587161817
0.9782232305166921
0.9474600958428347
0.9309903092601426
0.8627165966587127
0.9674403298177213
0.5275036501925189
0.9441962577517635
0.9424986302226201
0.9924016170246667
0.9825606109371625
0.876564489951748
0.7959473401240968
0.02449742415337282
0.8744870728319296
0.93333779671539
0.9647205341668657
0.8194828806345819
0.994794780271807
0.967543175298044
0.8375593137204013
0.4578752528213173
0.9880620133598281
0.7175214962966046
0.9808305984594752
0.9903404361993935
0.991903600758455
0.9375102674069549
0.959950377992183
0.9413829447721707
0.8592208181122448
0.9323932917835064
0.9744083364800447
0.9806514482269012
0.9421782850685778
0.9177248636622395
0.9936722951294636
0.9793274257939971
0.9936628384636692
0.9270643105867309
0.8896343737435611
0.8983354913735002
0.953193595421525
0.9502512037069256
0.9576415527795925
0.9073281765392868
2.876468750408646e-09
0.9652653183411611
0.9869819443523119
0.9623384259411657
0.9801827181221421
0.9804910615493628
0.9436103502349652
0.935201060800773
0.9191796248147418
0.9427567928646956
0.950805696071992
0.965988945051373
0.9737967700691086
0.869977861698076
0.591735788844967
0.4142655349067339
0.5054785372131118
0.6132715699807774
0.9616973088787444
0.9485593921300063
0.1847344370230742
0.2506709218715827
0.9351895415341037
0.965014262114301
0.9546630768341617
0.9766569745674577
0.9623940362772582
0.9853483976920998
0.2207331195833513
0.964442737083154
0.7227898071752231
0.9658906717814687
0.8989984926683419
0.9618319319539556
0.4005761564729969
0.008163652848616424
0.4813714501977415
0.8646279695445142
0.8382071478973596
0.868144541666429
0.9594419318960946
0.4809178117861644
0.7997071642751175
0.972883451431515
0.6770638393333894
0.4416368797986146
0.5009629756421203
0.7362964115717562
0.9214340455428054
0.9435446371403786
0.7383413120418818
0.6319420545264914
0.8560727531995984
0.923520619796657
0.9500135433429818
0.4051112838740087
0.5619432333385193
0.3500591500698387
0.9805684545326705
0.8827143030029847
0.8702102729783426
0.973408655762731
0.8909836068904078
0.9250477361536414
0.9300914523581189
0.5972216558952695
0.9758068816085141
0.8604760377419396
0.9070514037528697
0.9676284415716433
0.96989955539142
0.8313055624365315
0.9544173686387104
0.9403535581030262
0.9588579929661206
0.9297066613512778
0.9330493220464086
0.9411101665116783
0.3782674449672704
0.9758269394162531
0.9599608023746302
0.9305651605600841
0.4076026434359718
0.9037799061495558
0.9881589883517163
0.7644957868106599
0.9810108677050747
0.923822309092194
0.1851402154493647
0.9034976864978937
0.9161706900347714
0.9522029070948765
0.7573610040254019
0.9630217263848776
0.09839503006786685
0.9257373111302594
0.8923974149355953
0.9051492564368525
0.9549991594348421
0.9539902323136275
0.9335955210511407
0.9844768743485425
0.9734470116281075
0.9529426543722557
0.9454386679920127
0.9844642484752972
0.9327727221901292
0.9690969526528406
0.9157007955927351
0.8558378347279733
0.9053636276955842
0.9729807584944984
0.9685583489655533
0.9711563600987659
0.9184837707845358
0.9673730280174639
0.9391979926283576
0.9342148274538905
0.7037080978859653
0.8747684185076123
0.9914554175664524
0.915038968678572
0.9581759218104839
0.9703347967171686
0.8777909957817054
0.9325966342135467
0.9795300676795133
0.9313605821784066
0.9075443234222184
0.970122500519805
0.981989759215042
0.9071268258523291
0.9423463991275668
0.9304721879109608
0.8950602612384052
0.8958456112465926
0.9191485478043654
0.5161078584084966
0.7047436064362564
0.9446561254265399
0.9850166744161697
0.9713907850531375
0.358865235852621
0.9502567749831614
0.9769776640294991
0.8363396336959056
0.98161987368163
0.9497958104383696
0.9271882266635836
0.9764859759007753
0.8223584838952173
0.9244310646390093
0.729117996272359
0.6293262490634215
0.9379756139731137
0.9281912972429269
0.9643398712176908
0.6431477549994834
0.9623484039182014
0.8477695630652481
0.9345251790212242
0.8819126265597969
0.153511335764754
0.90959494362554
0.9592074386353668
0.9292162907199893
0.3645133597140356
0.9565296329681138
0.6667132001955502
0.942516805352736
0.879420251392282
0.9684720151668651
0.9354480266766559
0.9182952053306209
0.9629038398178298
0.9664500518561538
0.9743554848252324
0.9444321764353333
0.9656516338502433
0.981320267941303
0.9800457139876017
0.8765352388105623
0.9722883160919249
0.9305145212159509
0.9349139437520737
0.9119135164747912
0.9727859357664811
0.859645508771696
0.7297523367288472
0.9382104735519909
0.9391218874561016
0.8950932085057921
0.9785680705009505
0.8814353030780414
0.838348516970813
0.824401841767043
0.825194632138265
0.8180837798107675
0.9598649400703838
0.221955788845434
0.9430199050815673
0.9411994212339593
0.9803915009804542
0.9275485655420229
0.971403851624098
0.8435867600265583
0.9535481497013225
0.9539997738337819
0.9648818018187062
0.9593112199574894
0.987017822168182
0.9597814513303663
0.8827435012663861
0.7439708136640846
0.9331678958024625
0.96159595058992
0.970174151574544
0.9624182799011689
0.9639513204365164
0.8647928613382238
0.9703592948307297
0.9372180555904123
0.9075690115438577
0.8907261654527787
0.9498507857286955
0.9396359855240407
0.9623179918409805
0.9306837827235462
0.9839592147347777
0.8703912470527424
0.7419139021854252
0.9591447466835951
0.9696068265766941
0.8701780612840329
0.9576959367411133
0.8735570341818296
0.9419936227011014
0.9400296599994127
0.9054759201992763
0.9812422035738922
0.9823576759509581
0.8636739875127754
0.9658735765334001
0.942834815351744
0.9475723898673567
0.9877329826068519
0.9440019939889314
0.9861579650287969
0.9536783121537976
0.3662190003388092
0.5296787707667245
0.9521318715583728
0.9750193462234908
0.8925675492584731
0.9704246239693314
0.9615731419225992
0.9610822224100072
0.03149421219157915
0.940637515794064
0.9918669341317349
0.9591553293449882
0.9393648614484674
0.7107679401035812
0.1331618848647088
0.9705819708988546
0.9461762547770526
0.978294850667556
0.8788383463911817
0.9849603952147343
0.9869631753076655
0.09912795028137988
0.0476267760054603
0.8778930227417272
0.4916329608575781
0.5715631382253903
0.9662640362325926
0.8031925992377628
0.05043873360966148
0.4176316092057398
0.9895352882203636
0.9430785228634757
0.985153874685624
0.1917699948522197
0.8384928596545496
0.9718356954209785
0.950443558726591
0.914926096951558
0.9254725721666159
0.7155329360576272
0.9835241290390379
0.9607202774345891
0.9794994899750459
0.8847594235236854
0.8481823431835398
0.9107331422103289
0.9681035633401538
0.9441467402893688
0.9503199062633372
0.5893928327299266
0.9553773701102392
0.8576828611960088
0.8445962337890883
0.9838002302831842
0.9592448066629867
0.9649516282649467
0.832214099021968
0.9723973462908415
0.7385277508780458
0.9671713665937787
0.9923254729934566
0.9377028234765553
0.1822880642957157
0.5141271723461256
0.9272930557816339
0.9304141828964525
0.9553459464213216
0.9754954569061189
0.3132502490658831
0.9456197042288573
0.8455093081592585
0.9676827554681585
0.9369400557817101
0.9204166756381802
0.97843885814386
0.9511011801013671
0.9879254380805054
0.9871819871904034
0.8783833008059347
0.5060612685924817
0.9908367302050886
0.9560758212365439
0.9913512713994993
0.9757456083007383
0.9922155276841775
0.947879282607345
0.9629787122952085
0.983133650553172
0.9744674784049057
0.8037851739939824
0.9852870069895651
0.7028918675757306
0.9659760257485729
0.9334538869083719
0.9923997874957698
0.8399863743726638
0.9537225755769716
0.9496569893020723
0.9304735029783916
0.8425392038118058
0.981847560075612
0.9393253962588575
0.9445016923797008
0.9558181167842703
0.9619831345127441
0.9887276403306868
0.9743727115341754
0.9705604833129445
0.973025470431631
0.9543496087599452
0.9783965439302408
0.921673818480945
0.9649967906360517
0.943327642783651
0.924071729108663
0.9933760509356242
0.9037132845642106
0.9135514083549648
0.9667006430612276
0.0815420058113795
0.8669588573430541
0.9941019800865071
0.9499692381863278
0.7771738244696047
0.8952740227702918
0.9567177321926542
0.9211903773729871
0.7739769913387144
0.7886572109577866
0.9829532656820624
0.7223212263675123
0.1454541093180328
0.9241425838943701
0.9700718510144251
0.9310084547756231
0.00893522997437227
0.7274872505448319
0.0710483467916435
0.8981170090326871
0.7233421106250517
0.8024392469659646
0.4273230603767288
0.8877733660297125
0.9357738318531196
0.8899896617922247
0.08811569708385084
0.7983669445243363
0.8586021548530582
0.9652736057316292
0.9448673463502053
0.8903002201427672
0.9606915558067358
0.9632459997103716
0.5116380737605759
0.9700010914816057
0.9650814695539096
0.969735625275611
0.9583655583681073
0.9238753213845187
0.9369537065517922
0.9576304805288984
0.4045373983743634
0.4821591548731637
0.9622760739806852
0.9576223578682116
0.3892964742607036
0.9667976252612672
0.9524048069262141
0.9541863508058904
0.9525442079442713
0.9847577098939314
0.9480041654274244
0.9659018098152814
0.9417195217662885
0.9730462878493733
0.9236437032067877
0.9424420575827748
0.9420591894862408
0.9571321878548139
0.9251565636920573
0.9497579147893405
0.9815860074948445
0.9874211887731473
0.9395791947267329
0.3544175297984044
0.993747368760864
0.9694312542871022
0.9011056965945635
0.9931555737857347
0.9467929460042724
0.9745633138760177
0.5924598136516452
0.9546355275790511
0.942370928082577
0.4182336078065053
0.7356767424837652
0.9855288031496928
0.9862468729205924
0.9728952756765384
0.9552638982328986
0.9499733403906478
0.9191156900050536
0.9169759318160667
0.957460629494359
0.9857760841603254
0.9787668898683684
0.9515533031540621
0.8821245868485028
0.9680348511576268
0.959205790526532
0.9927858099495768
0.9691627343082483
0.8375991273812065
0.9624636349124516
0.893078323847931
0.9621990066006487
0.958974865569403
0.9503840905901105
0.9542425420073762
0.9432671118919448
0.9345547710020384
0.6111616139887125
3.934209117678197e-10
0.0003861852049803587
0.1085091402615494
1.267096525192189e-09
7.380958809245243e-07
1.900945484146639e-12
1.224379277623915e-05
0.08118472087370775
3.934209117678197e-10
0.0003861852049803587
0.1085091402615494
1.267096525192189e-09
7.380958809245243e-07
1.900945484146639e-12
1.224379277623915e-05
0.08118472087370775
0.002474815344097832
0.09942816043808494
4.831420529202976e-05
2.226685130105962e-05
0.0003027342063267226
0.4296614919884243
7.251846269900288e-07
6.573516708051007e-09
7.709054506667155e-07
3.996119851160304e-08
0.4257820947189999
3.160145819772745e-05
1.111430307587401e-06
1.641902459133507e-06
3.936353793177123e-05
0.0001052959333635877
3.402011442865554e-05
0.001737431122123016
0.01760067863117936
1.824980787950996e-05
9.190836251401895e-05
0.205247117669186
0.004247228081385338
7.680116946145004e-09
0.0006906871700774131
0.04975687667101378
2.538827022330927e-06
2.583632908387893e-08
0.03324656417377116
0.007101990015111534
0.001821977528109402
9.95646499335027e-05
3.06635915541011e-08
0.02057847512894119
0.003924238781504012
0.004069880298156496
0.02343546205100437
0.009431561805795925
0.001568174647927478
0.0001203316560523604
2.447577103062992e-07
0.0005925725652894238
0.002506293930649817
0.005157308599520785
0.003939192936888317
1.395042628103297e-08
0.002228127053780428
0.02242269624966804
0.0294937539130017
0.05227016117822807
0.05305976417362632
0.01554676870454193
0.002197338778134081
0.0766458851633085
0.002442258847637102
0.0009809175102580595
0.02057847512894119
0.003924238781504012
0.004069880298156496
0.02343546205100437
0.009431561805795925
0.001568174647927478
0.0001203316560523604
2.447577103062992e-07
0.0005925725652894238
0.002506293930649817
0.005157308599520785
0.003939192936888317
1.395042628103297e-08
0.002228127053780428
0.02242269624966804
0.0294937539130017
0.05227016117822807
0.05305976417362632
0.01554676870454193
0.002197338778134081
0.0766458851633085
0.002442258847637102
0.0009809175102580595
1.28077507332695e-08
0.1623854993110555
0.003202915900855288
0.001361862817242591
3.435530805010441e-05
6.768119975993649e-09
0.02239407525612341
0.0408180755704673
0.0004957367981821185
0.004464147688521175
0.01183857276398946
0.002647413249789858
0.01026846176420054
0.0001460430242655666
0.04296974856441976
0.0003275159556692916
0.001717936131625898
0.001210171767155071
0.009164831141178442
0.001963060451268822
0.001351376446984923
0.006294779052804025
0.02352987883615258
0.002260062441810204
0.002371005905429603
0.001133250843699506
0.02907948644334231
4.88315276791945e-07
0.01782432894088516
0.0004050822114015352
0.004113022822073482
0.02715362777066848
0.02940262630133015
0.000373725998857658
0.7400600306428334
0.2978654072556967
0.0003270892154417195
0.007150270484574821
0.001543442469437241
0.01070533911952501
0.01529990306737179
0.001681065938267286
0.004326202520292752
0.008554698761524189
1.451292241418863e-06
0.02636550717781018
0.009384713816463145
3.081284317110029e-07
0.001463645580730431
0.002035705492855069
0.0002770839472431168
0.004871161484977969
4.076650109564188e-05
0.005083761511235767
0.004699621710665781
0.004588240036573545
8.275531782308613e-05
0.02176500662805568
0.007736837362599515
6.077223450484521e-09
0.05202896059844957
0.009233723251349395
0.009698994842626124
0.1000688272122824
0.09427537350857297
0.0005364926384110316
0.0009319375717491314
0.01781021111833237
2.052819064062679e-05
0.002488577109042035
0.005013480075074598
0.0007668584650266544
0.0007252609513511603
0.003038181028263201
0.001844171620146001
0.002249200208284083
1.309717149902065e-08
6.399979646725117e-09
0.01149329265952257
0.01474406325252732
0.001063553468443199
0.001265142489649702
0.001799096796410934
0.001565596925481163
0.03112382457024281
0.0003352040408182601
0.02831373591035578
0.008692312278348765
0.02022940183565297
0.0007535311483660357
0.1733694459260348
0.01731360254077256
0.0001695997107915081
0.005912496190811628
0.0003333351621514158
0.1918344217511764
0.03112382457024281
0.0003352040408182601
0.02831373591035578
0.008692312278348765
0.02022940183565297
0.0007535311483660357
0.1733694459260348
0.01731360254077256
0.0001695997107915081
0.005912496190811628
0.0003333351621514158
0.1918344217511764
0.3890023844470152
0.0730348278840852
0.0009524629479151256
0.3254613455475323
0.002020670448193891
0.004935695133866984
0.0002243012396646918
0.1407783024990664
0.310303206718622
0.02523456027104648
0.0008782800985589244
0.008519696558899514
0.1186553227747585
0.01031936390047953
0.1035240498229316
0.001773482799731318
0.006418380736942215
0.1446548687034507
0.0002745287112441616
0.01042522546044638
0.04943609705882102
0.001184804309088965
0.004253128245313659
0.0005975021132043775
0.1091586517054124
0.01135177005083032
0.01629300918294246
0.1364586540463851
0.05624216388309487
2.088699458807727e-08
0.001403555681343514
0.02527502110207823
0.1800700787083619
0.005149423926193692
0.0384293088850385
0.07312188956545607
0.03078806027002358
0.08657136789884674
0.2950095181076472
0.002928495345548826
0.08612735550677045
0.1485199027646058
0.0102369168235163
0.01568842010170295
0.06029504339184659
0.02381487911689177
0.01199632852720928
0.0008532867320063196
0.0005205154627963606
0.05370441054570793
0.001766230246642202
0.02564531881204252
0.03162372193425872
0.001098477247102147
0.006780079879676942
0.0880364066031134
3.743142750321243e-05
0.1293923163392512
0.002766574422623706
0.01824856328303155
3.122450367011502e-05
0.1501542038714959
0.2511814903435828
0.004342832788059908
0.1755508087194448
0.0949870411622797
0.01659499398923154
1.232895501744847e-07
3.515491669745067e-07
3.406857967110762e-05
0.01904450308886085
0.001214386850523836
0.001469941226023984
2.56628395741892e-07
0.0002812235862460507
0.04070629764622455
1.232895501744847e-07
3.515491669745067e-07
3.406857967110762e-05
0.01904450308886085
0.001214386850523836
0.001469941226023984
2.56628395741892e-07
0.0002812235862460507
0.04070629764622455
0.0009159682549306605
0.00137458514448177
0.0003769028952697816
0.005636407973632344
0.0007812656234157146
0.003110318011710917
0.0008894425259683787
0.0001015483143940117
0.0001031683904018918
0.001111256056279565
0.004152098855636507
0.01394129211940741
0.01166908017714613
3.082868732081705e-06
0.0005942432312774466
0.0002256452358549987
8.597683100838043e-06
8.306231065536273e-07
0.0004634514064008613
0.0004675877825779693
0.007308804718582365
0.0003827112677658259
0.01284082192754303
0.007389354911667664
0.0009144511228378127
1.006577120520349e-06
0.0002942512279598583
0.003051776609247618
5.371297142546106e-05
2.831330238898221e-07
2.320650139478057e-08
0.0004318496019743619
3.942114265163525e-08
0.02954229219913223
3.982657712074589e-06
9.912929553426899e-05
0.001249792466531138
3.521359048793949e-06
1.744952575890145e-06
5.618638615266403e-06
5.326785788751617e-06
3.248563377601729e-07
6.024805598602813e-06
0.1998943483867035
1.882288694370341e-06
0.00226376073155486
0.003100291192138671
0.004957489050861816
0.02190097520937343
0.0003898923077843032
0.1352044245397716
0.06920627536385306
0.03604336288885265
0.000622156233114037
0.06075330589399144
0.02405587381015965
0.002601818616823699
0.002745635035665905
0.007440317094600977
0.00226376073155486
0.003100291192138671
0.004957489050861816
0.02190097520937343
0.0003898923077843032
0.1352044245397716
0.06920627536385306
0.03604336288885265
0.000622156233114037
0.06075330589399144
0.02405587381015965
0.002601818616823699
0.002745635035665905
0.007440317094600977
0.01152397090423663
0.001965528760595111
0.1438737654087144
0.0081927929463828
0.001826062406664621
0.006963425563865697
0.001735527408172818
0.0324511981520434
0.004799969934186235
0.0004776032782665795
0.03503568725447134
0.04062839837242391
0.009633686479946769
0.01082475158588919
0.005238614982248162
0.05038440386636468
0.000728059673926531
0.02024011375823644
0.2758920569340803
0.07476332946594223
0.07041686336875494
0.02623166725355433
0.1009347304353984
0.05593811036064742
0.004354837176508099
0.003141624764002974
0.003045756090951964
0.0612104197569328
0.009607347294797236
0.08709806384528548
0.0006097949274301443
0.257426911564883
0.005829053814111428
0.003291912964142503
1.39601102657077e-05
0.01920592816711872
0.1004953021210035
0.001979478069257473
0.03954648893941244
0.2037770292922919
0.0002789204480400606
0.04325273501117804
8.816469171198869e-05
0.0009787505172379463
0.0005525359718627788
0.001283503651319339
0.007910632790607912
0.005062382253112034
0.2405951980535665
0.02910779209447017
0.09449069080932224
0.008136787549319947
0.002306207171033094
0.1111597188298264
0.01179490813458716
0.3903387898474056
9.90898447944149e-05
0.1070983253509134
0.06404015062265676
0.05439839013136675
0.3616890226757835
0.690511732617469
0.01694722237965499
0.0002194028321870046
0.121219125554597
0.5215230398963357
0.0001832390708170051
0.001804479840783616
0.0004917086610466696
0.001706396393474309
0.001106890148276558
0.0006747827470963372
0.002108772712252579
0.0002595334569958555
0.07265633682449016
0.00309602694810069
0.001224275395648492
0.0103870512416189
0.003866336691254866
0.4090510704687897
0.0001081622444420116
0.06962662392842349
0.004183323470259556
0.4118281406873734
0.001623686226465147
0.03743559062549829
0.01196903712291271
0.007291550704305354
0.003462320634677214
0.0008990466385044102
0.004272204675547179
0.001800661891290739
0.002359117778971808
0.005046738060885915
0.002164639582156178
0.003674832720698559
0.0001343030480004319
0.0003753202599689957
0.1576285894509177
0.002244518860757585
0.1487022868880636
0.0003729825201033658
0.02907703603081542
0.002459274801575623
0.002250133440390343
0.06079573287599932
0.001715628897048035
0.0008457468367496148
0.002044671257659648
2.369483411450206e-06
0.0009401229589670109
0.000680468931412969
8.413877656665783e-05
0.001382911680461401
0.0002013885633967983
9.022887095371607e-05
0.002423983613827558
0.3926368301516735
0.002478940433598861
0.07748951573716166
0.005583064389883556
0.007373286370239581
0.2003249035294137
5.066498515230607e-05
0.04793729628929588
0.005054199581435779
0.002021502330107029
0.00200251368638696
0.003236033785657804
0.009708605756305949
0.007380446768660262
0.001668222909276025
0.01517401126736269
0.01921360027125138
0.0009346108792514631
0.01327133877952405
1.300173563618417e-06
0.00908639056528776
0.002024249443048185
0.00109026659163212
0.01926454132489182
0.01437843663174139
0.03449688823838865
4.430588300560534e-05
0.001354911757734066
0.0002149992133911438
0.001674648146382212
0.001273901314565612
0.002108772712252579
0.0002595334569958555
0.07265633682449016
0.00309602694810069
0.001224275395648492
0.0103870512416189
0.003866336691254866
0.4090510704687897
0.0001081622444420116
0.06962662392842349
0.004183323470259556
0.4118281406873734
0.001623686226465147
0.03743559062549829
0.01196903712291271
0.007291550704305354
0.003462320634677214
0.0008990466385044102
0.004272204675547179
0.001800661891290739
0.002359117778971808
0.005046738060885915
0.002164639582156178
0.003674832720698559
0.0001343030480004319
0.0003753202599689957
0.1576285894509177
0.002244518860757585
0.1487022868880636
0.0003729825201033658
0.02907703603081542
0.002459274801575623
0.002250133440390343
0.06079573287599932
0.001715628897048035
0.0008457468367496148
0.002044671257659648
2.369483411450206e-06
0.0009401229589670109
0.000680468931412969
8.413877656665783e-05
0.001382911680461401
0.0002013885633967983
9.022887095371607e-05
0.002423983613827558
0.3926368301516735
0.002478940433598861
0.07748951573716166
0.005583064389883556
0.007373286370239581
0.2003249035294137
5.066498515230607e-05
0.04793729628929588
0.005054199581435779
0.002021502330107029
0.00200251368638696
0.003236033785657804
0.009708605756305949
0.007380446768660262
0.001668222909276025
0.01517401126736269
0.01921360027125138
0.0009346108792514631
0.01327133877952405
1.300173563618417e-06
0.00908639056528776
0.002024249443048185
0.00109026659163212
0.01926454132489182
0.01437843663174139
0.03449688823838865
4.430588300560534e-05
0.001354911757734066
0.0002149992133911438
0.001674648146382212
0.001273901314565612
0.1651903510860834
0.0733990372811473
0.0006000491033242162
5.294812240660501e-05
0.00891067228939023
0.001354451775070542
0.3468641259111286
0.02217486373155528
3.701713458885608e-06
0.0005148744061168138
5.312042924306528e-05
0.0001368481709926436
0.003183841118181037
0.008260128454051968
0.0003453010460980399
3.634384690995502e-05
0.01241337286047187
2.839107347054817e-05
0.05273364075247151
0.0008606530445779781
0.0002906587435844383
0.002661638257388694
0.00122568719498752
0.003953350949154355
0.0009983156436294935
0.002431632092079657
0.005144270750634784
0.009679944625965553
0.0004462696700711313
0.03967664420158253
0.0004592383885089424
0.006835254963177989
0.006626061456788765
0.00104381544493199
0.001755496992862709
0.004300910866134505
0.008745903539585625
0.0002277743860578531
0.0005822037853887299
0.007960285411483383
0.0001598387199637518
0.0006347272717137363
0.0006459104875609419
0.001447769797682616
0.0009323770918489913
0.006911984433116166
0.006156110358618377
0.002906561318982666
0.0003898755531758768
0.001109209910297678
0.004323564841501357
0.001614213964849527
0.005636846409168613
0.002393079193035731
0.001419997861052766
0.0008742284775523563
0.0007016384380266231
0.09824656169289643
0.0002421187332399627
0.0006174813984894925
0.001536423080475304
0.0005626990127009416
0.0008928044492310262
0.0001059454758224343
0.002065606161667101
0.001649546051167607
0.0001066763773069856
0.001695250101025447
0.001074761115849029
0.0291631953749769
0.0001978425254585829
0.003974338981994066
0.001189772774590086
0.0002262584815371025
0.00435466234935854
0.002328182509637615
0.0001459767050574312
0.000403614065155457
0.0001945988381216422
0.01430643262032641
0.001450201284889764
0.04781796497274714
0.000194875648512507
0.001351847443520142
0.001023317724533685
0.106449455655719
0.09170100831875784
5.949066463717012e-05
0.0001510563392016095
0.0004631656162862797
0.001337203654927299
0.0003381405614852785
0.000373110442454541
0.005815323403853861
0.001866325163853865
0.08904971070203338
0.01515178606079957
0.002671418896831454
0.03041915657194364
0.0012395675858948
0.06114395292602443
0.02907895070766239
0.0006299972046278434
0.03666289234792108
0.0003563211815654663
0.08930455844000068
3.22231147069411e-05
0.001294384995137028
0.005370036341498108
2.396862352247914e-06
6.886322768750936e-05
0.000987837465934946
0.0002308179338984433
0.0002346294158280555
0.09767906770592868
2.546153495743996e-05
0.0001300270053865917
1.268262970131625e-05
0.06814741429072481
0.0001663248719162827
0.002867624148550248
6.50068480151861e-05
0.08268210351417105
0.0006057861828459141
0.01610354242904419
0.002301295934899143
0.005970527606322159
0.05664590804827084
0.01037514743670519
0.006537981678674112
0.01252664577119523
1.560928732449434e-05
5.763918989906441e-06
9.213265863288658e-08
0.002525105867423051
0.01570403668384
5.318464038154499e-06
0.000107396942095847
0.1697703852258805
0.008848953903370845
0.01377040691226588
0.0002473726246621096
0.000135023253588214
0.005160309743952087
0.03114279404090522
0.00211292611361388
0.661922615599651
0.07203419288754319
0.00517500180978755
0.04086225532667714
0.01033205318385087
0.0002529732577993074
0.006030929268821752
0.005208114628109402
0.0003750780702177934
0.0007586208410010555
0.05745481136396084
0.0004710815674067295
4.154278253446576e-06
3.416745146576901e-05
0.000555692934728241
0.0009899432246200453
0.1025819425027879
0.0003365927514739236
1.850255178374124e-06
0.0865734205074285
0.0002117615359091037
0.0002530903480461428
0.004290599532808074
7.317238252985641e-05
0.0002543806858052209
0.002450287012088189
0.007708302833270567
6.164443865886036e-06
0.009489459816566355
0.0007700453134064608
0.006303655677565536
0.07188564964064141
0.0007097161274240101
0.0006932005339932921
0.3073844926029683
0.0002297837821275046
0.0005164347342060312
0.04606366985677088
0.0006800411279349045
0.001204632860825978
0.005289019746233254
0.02453350961492957
0.004027847630081112
0.04630056244542428
0.002918682574277983
0.001994104901324992
0.0005513038083478062
0.03812234087667453
0.04396678391461281
0.1908894063773473
0.02468507522266302
0.01288581354100686
0.01217136553585975
0.05212320279450862
0.001253134562149737
5.777020820572056e-05
0.001940283088064675
0.02851189822350457
0.009080037842044406
0.01017429960053929
0.0001863487967859009
0.0002802391130625857
0.1287728547666918
9.7567524813487e-05
0.01490520664231338
0.03377074362874547
0.002432344957213029
0.004920241197277147
3.936774396868781e-05
0.03988289380017089
0.0004342760170060451
0.002603357162476435
0.005530286179461674
0.00651268662653697
0.003427000969983901
0.03879184459662658
0.04905777664061851
0.0009064574774717186
0.003158374637610708
0.003334396888607886
0.006358766664217982
1.984249022020649e-05
5.381885953389175e-06
0.0003143650226253744
0.0005886155731711795
0.0005297424811968034
0.08866963474814613
0.0001607915192013089
0.002866993174569708
0.0003258396183862105
0.002020236732139551
0.0003394791523610851
0.08302562453723236
0.0007568751769157259
0.006977254505373926
0.0007272884724701613
0.0266393475456815
0.0007925942153407259
9.587250384732074e-06
0.3161029884913297
0.003660120227943574
0.0001788633621537937
8.57795831218645e-06
0.0004167548794826683
0.0007445926337684482
0.004437650572578201
0.003291930048997222
0.0002397856261312656
0.0002907679949457156
0.002571263597174513
0.0105998438897535
0.00865873613737868
0.0004860658994927216
6.905805049650683e-05
0.000594597172846343
0.001300730261975268
0.004364293374334182
0.004191131574961063
0.004357100165063656
0.4385297873229209
0.001340601413103022
0.0008851843109812653
0.0869561164987635
0.004017012906357123
0.2131788359515523
0.008442983150157428
3.36493593170036e-06
0.03582206394015965
0.001508254858615506
0.0009529268052785682
0.0002848290083109664
3.908366558593843e-07
0.0006460810626766429
1.644699329467202e-05
0.02273043654791474
0.05192256984945145
0.0003647250285028247
2.432485923870534e-05
0.008156234993799406
0.01648887480544988
0.007318841982902333
0.009724075658795673
0.002551091324358434
0.1252644020676391
0.0001471609294134739
0.1299780152317177
0.008879798371406433
0.002239633563459483
0.00011769456665077
0.08919407677921731
0.0012079284799111
3.836459130644265e-05
0.001769371160901224
0.0008670291972566924
0.0002883642535681152
0.0005947384305541119
0.000528272875992684
0.007470917223839681
7.075086686583592e-05
0.000179124069781584
0.04570567377019925
0.01444278242051176
0.002103885822522136
0.009048374112079727
0.09069253162039385
0.0009253214301643745
0.0003182344487925689
0.0002499357751117258
0.004912056695132858
0.0005510683845988212
0.001360094385001494
0.01726884343899141
0.02023044629618431
6.638541254457708e-05
0.006036745483811033
6.811164327344678e-05
3.276108875261636e-05
0.001905297442255421
0.001367672551385887
0.2824634424704534
0.0162363775717297
0.006415449425453024
0.001214725650458488
1.67636981997558e-05
0.0005616722725535236
1.565624524924253e-05
0.0001176531109549965
0.001300730261975268
0.004364293374334182
0.004191131574961063
0.004357100165063656
0.4385297873229209
0.001340601413103022
0.0008851843109812653
0.0869561164987635
0.004017012906357123
0.2131788359515523
0.008442983150157428
3.36493593170036e-06
0.03582206394015965
0.001508254858615506
0.0009529268052785682
0.0002848290083109664
3.908366558593843e-07
0.0006460810626766429
1.644699329467202e-05
0.02273043654791474
0.05192256984945145
0.0003647250285028247
2.432485923870534e-05
0.008156234993799406
0.01648887480544988
0.007318841982902333
0.009724075658795673
0.002551091324358434
0.1252644020676391
0.0001471609294134739
0.1299780152317177
0.008879798371406433
0.002239633563459483
0.00011769456665077
0.08919407677921731
0.0012079284799111
3.836459130644265e-05
0.001769371160901224
0.0008670291972566924
0.0002883642535681152
0.0005947384305541119
0.000528272875992684
0.007470917223839681
7.075086686583592e-05
0.000179124069781584
0.04570567377019925
0.01444278242051176
0.002103885822522136
0.009048374112079727
0.09069253162039385
0.0009253214301643745
0.0003182344487925689
0.0002499357751117258
0.004912056695132858
0.0005510683845988212
0.001360094385001494
0.01726884343899141
0.02023044629618431
6.638541254457708e-05
0.006036745483811033
6.811164327344678e-05
3.276108875261636e-05
0.001905297442255421
0.001367672551385887
0.2824634424704534
0.0162363775717297
0.006415449425453024
0.001214725650458488
1.67636981997558e-05
0.0005616722725535236
1.565624524924253e-05
0.0001176531109549965
0.002069820709317817
0.0003248936326162301
0.01217513908647972
0.006883072843811953
0.001504903102241968
0.01225656428801356
0.009436978314157433
0.02357912776714785
0.0004186425871851589
0.0001076538058576582
0.0001194779986725859
0.0001735209755961801
0.002182678641384383
0.005750757928960173
0.002317999794964952
0.06420845733320515
0.002292087990680651
7.440811391535287e-05
0.01170070513339165
7.045922219081007e-05
0.002749301757081397
0.1692463514662567
0.005202399054956278
0.4213233813272697
0.0002952215791790125
0.01968704229200618
0.01166031329288577
0.02716888351254429
0.3424455390047906
0.006716032824626882
4.761818735025379e-06
0.0005511630843611993
0.0760372329702086
0.04590539497214899
0.002416650733080146
0.002546201109656237
1.904506672746698e-06
0.0003681464153108306
2.681714710685608e-05
0.0001804829369563588
0.09643083653440988
0.06895801008032476
0.0001757371459865496
0.002535456929798985
0.0004932064004239537
0.1246897142495901
0.0003302276556091013
0.0002142991520926038
2.144697270568946e-05
0.01291933047702327
0.0002822820860006496
0.0004150666216183748
0.04485153886555221
0.002497641314063609
0.002473192313633185
0.0002693524644864581
0.0001930195010507795
0.4975471147980041
0.0001141625369565225
0.09707142055329203
0.00720345320503339
0.005253159638047489
0.06371554679113932
0.0007983753987319665
7.363590126065744e-05
0.0007279728256767645
0.02669729664101975
0.00705531799505768
0.00178103146162504
0.006884911483095121
0.001166484312441576
0.2261089092677556
0.003041893192545724
4.499363360586695e-05
0.0002403634156650298
0.001526801082565294
0.0001131292149315793
0.0002453927609894052
0.1957728511794251
0.01525980398221016
0.002202316684229401
0.004279450598300232
0.0002561831239658557
1.867935111231264e-05
0.0015923924013948
0.002927702824299466
0.0003889353875648723
0.007936653362460626
0.0001986737087131771
0.0001906827560535706
0.0001362577002950255
0.001939054078505034
1.055834534636271e-05
5.372923654629759e-05
0.000156158655539266
0.0008402453132222814
0.002440940604075953
0.000794481724284594
0.5102248765428172
0.001596681653329518
0.07121768868690469
0.002284396688589576
0.01554573345107554
0.02012465973094721
8.271013261618554e-05
2.579265335232504e-05
0.01950709705438142
0.01063687061132258
0.0003365706843204163
0.03979287591196477
6.829561236083005e-05
0.0004103076425503316
0.0008125155460445048
2.941675343753082e-05
0.001157959276677974
0.0003504014404578584
0.02705825489186958
0.002764852399144524
0.5165279188811224
3.598310682126745e-05
0.3964548231365214
0.01385807394389236
2.710996067638909e-05
4.950902910532111e-05
0.0002536870398508142
0.1180753078072811
3.780200798149254e-06
0.002040945827254714
3.944452639306196e-05
0.0005637676857536718
8.200537726871092e-06
0.0001074858559905097
0.0003964669091978015
0.02882969007515349
0.0005035441316730914
0.00414704105325706
4.877178307275014e-05
0.002463350188724202
0.0002853820447004214
0.226098269440572
0.009962164207981274
0.004589001282838773
0.0005930769050799511
0.033856445668545
0.000633299143204485
0.002104314951154145
0.0002910689775277863
0.14083405811873
0.001378777276077254
0.0003685950494119256
0.0007467915366496073
0.03612682795579948
0.003824125993166532
0.001167742564179784
0.002995142000342344
0.003476437261679493
0.002713317875029272
0.009499131504268437
0.004069846966626504
0.0002624292869602024
0.03999189200906859
0.0001514662690991225
0.001792985309294796
0.0001638715281792507
0.004887352084064304
0.04757308953239665
0.001683603429941388
0.09210373172958117
0.01186417032385122
0.008085225473876004
0.0003369641767176736
0.008498118058089017
0.0008624497399882337
6.121162078662692e-05
0.002832478551122956
0.0002938281968543434
0.002195595120407838
0.0002874802211765199
0.0003104278142168819
4.889246632949695e-05
0.0001260143315966462
0.0003004266729229432
0.03098968603221765
0.005802392518845685
0.0009245625664632938
0.003627026488138293
0.0008706227642773791
4.607580089662428e-05
0.0716845275532755
0.002340776055123251
0.00204315561465888
0.02754944626114846
0.005915861577859288
0.0001222671380633064
2.846887216428824e-05
1.746485835155785e-05
0.07116302364870582
0.1073686875830664
0.04683578835589297
0.1974889347122134
0.000156183638424317
0.001023363199236167
0.0005359247399767306
0.003147655268497465
0.484860160498539
0.02026821634654196
0.004372103425131526
0.005333212765883102
0.003586356405211058
4.250321143144041e-05
0.001782530471499994
0.0003713510483630679
2.5586491326951e-05
0.06693424408262369
0.0002866477502636645
0.0006923565557257333
0.002379204236485227
3.451499627186392e-06
0.0002353182939448578
0.006787933202808089
5.55542460048898e-05
7.16604882096819e-05
2.628353270630944e-05
0.1576477511081967
2.555103595047755e-05
0.0003632113695700589
9.480714740598855e-05
3.097783063651446e-05
0.005190587954386952
0.01350069425066997
0.01156817303958406
0.004255552851709562
6.757668026465924e-05
0.02716883227928978
0.005655997937289752
0.006888396013361314
0.0003931301659314001
0.002100697855912094
0.0003455405271908878
0.01637869048748936
0.01481924886130482
0.002579662937481953
0.001650158824694586
2.075089724321248e-05
0.01321865946084835
0.009798890848859376
0.009717890726791013
0.002673611012671823
7.365144218630725e-05
0.007683511421492729
0.1245525004342684
0.0001247494748990855
0.000537539515190918
0.003035668406972263
0.004034432736891504
0.001142167080084798
8.721444986572442e-05
7.525386970143884e-06
0.008277585054517058
0.007605755565425737
0.2379378781216613
0.0001486076017689811
0.05416476080031388
0.03025565548163008
0.0003752477457639632
0.0004503045586669353
0.001945293139929146
0.06792202356709014
0.0148174256937758
0.03061876082897188
4.674679263565132e-05
1.408916334266788e-05
0.0001504827455659867
0.2780607502262257
0.001124697491282157
0.02968812337294309
0.0001564144840140819
0.006368157014945782
0.03025632877001656
0.01842449444916845
0.0001418009696020928
0.0008489068170217968
0.000665092600800966
0.0001617530314277035
0.0002261484961500066
2.821737828822209e-05
5.756639779797188e-05
0.02593860450325373
0.0005276175101784044
2.844654902629057e-05
4.86033418177332e-05
0.004541796851714595
0.06499989680954331
0.00248368313769606
0.0187147520628652
0.007637570366980677
0.004844833273451679
0.01060890274230283
0.001560043694003915
0.0004322223927122616
0.002913403663735307
0.001114968414536994
0.01299006206079557
2.476331448622485e-05
0.006744735871698604
0.03002616981440705
0.0005918432560217751
0.004606683823599317
2.815956556161568e-05
0.003018208369879965
0.06997654349237474
0.03375272082930014
0.01251432807391555
0.003382978314019164
0.003450977131025758
0.0002963195831602941
0.004866141798754863
0.004893840590812169
0.008844171118915181
4.514359844960346e-05
0.01983964608945311
0.0003304135930109315
0.002301924826882042
0.003405308844845732
0.02535127374108959
0.003409807331839667
0.006395668414828638
0.004338599356077157
7.255300861000066e-05
0.006685657415090192
1.542853868987724e-05
0.0007319735608302597
0.00186773968598571
0.0004417269278076903
0.002108085027133442
0.001572267879305088
0.0008950304378888406
0.1144487989301263
0.1695195546026566
0.006560835415572935
0.1902227600703525
0.00186773968598571
0.0004417269278076903
0.002108085027133442
0.001572267879305088
0.0008950304378888406
0.1144487989301263
0.1695195546026566
0.006560835415572935
0.1902227600703525
0.0007453584622438252
4.658845004302288e-05
0.05316202880699168
0.02368867663907835
0.0002837001286556975
0.001103275773513075
0.04725465145588881
0.5173006956528351
0.002952873257543992
0.3349656125168227
0.04210369616794624
0.004495347830164731
0.2770872169891566
0.091594540337473
0.1951621546490306
0.1863026840396567
0.04091339079513874
0.001034357190432029
0.01979641153400397
0.1586312380620208
0.01516844703409892
0.03955606334740615
3.930092459740177e-09
0.02621297051277726
0.5975566418385155
0.0006158308736927442
0.2327676508208639
0.1466627380411097
0.2249864888418412
0.002930595457169175
0.0952406110789156
0.02913646890060789
0.003770112955919116
5.795871628965152e-05
0.006712707806444391
0.1933823147497924
0.5544717967131673
0.0004479787567955451
0.0856154044647567
0.1586312380620208
0.01516844703409892
0.03955606334740615
3.930092459740177e-09
0.02621297051277726
0.5975566418385155
0.0006158308736927442
0.2327676508208639
0.1466627380411097
0.2249864888418412
0.002930595457169175
0.0952406110789156
0.02913646890060789
0.003770112955919116
5.795871628965152e-05
0.006712707806444391
0.1933823147497924
0.5544717967131673
0.0004479787567955451
0.0856154044647567
0.02009855132076034
0.0001826879651094349
0.0008092708028681236
0.01824450053770599
0.0001599130504129251
0.007813064856368129
0.0001356272219093359
0.02329319334555035
0.0001545445376241902
0.04570564833262756
0.3852245408659351
0.03952673049354991
0.3947236970654882
4.361670287880287e-05
0.01977800814354774
0.003167249315053268
4.504548928951874e-05
0.0422583195970325
0.001140313249983323
0.0002028853004519191
0.001742615034875613
0.1170164440732931
0.006393072187926636
0.003491279532571488
0.00148886689430663
0.3822344995456196
0.005830801619890042
0.0001654504725999688
0.189444129917596
0.001541755518877081
0.01428644499461498
0.4832777951731051
0.2873990802455995
0.00134101962570216
0.0007343509157180061
0.04278869559493691
0.01692233860963564
0.003679180648484871
0.1846601938158488
0.0001912257062465795
1.924977871662324e-10
2.02513970896871e-08
0.003901058444935569
7.108628347626432e-05
0.01076870449500833
0.7432200607749812
0.1910667425872757
4.964688580659967e-05
2.880004049570464e-05
8.568039062171417e-06
0.141981498869529
0.0003435522181521631
0.0002115908242444588
3.621514037154267e-07
2.667424258425646e-05
6.202604652094749e-10
0.0007255408520314466
1.574332375463402e-06
0.0004413897876311063
0.00441122846069266
1.036951637534545e-09
8.529893096913317e-07
0.0001721310404975184
0.004643732716879085
3.000547732128285e-07
6.941323889281786e-05
0.001709404674527904
6.16535116448212e-05
0.0006545218215805444
0.0008931779100342252
0.0008326662498479277
1.420480788474445e-05
1.402054856719969e-05
3.249804671635998e-08
0.0004381395208120286
0.002076622647472938
1.513263709880736e-05
0.0002554574389617997
0.000608101554580444
2.130436772306989e-06
5.552088570489951e-07
7.019927294694239e-09
0.0002346191182035618
2.724609509862276e-05
0.002143146672645129
0.00681718130050646
3.385563325078351e-07
0.0008790689187559131
5.14558285782095e-05
0.4251689009556217
0.002614261216394547
0.0003048883490300398
0.001044971534134846
0.001698562513747433
5.345921628809684e-06
0.03054423309208281
0.0001679968767494281
0.1849620107826686
1.552909817701325e-05
0.004595367845169143
0.002111446995147541
2.549937528739225e-07
1.189327283051915e-07
0.000984222754978386
3.562618244556006e-05
7.255895260103771e-10
1.860402253236879e-10
1.716109989749821e-09
0.0001799472427351423
1.604484195102288e-05
7.444345170585729e-06
2.927469982896981e-07
0.001226147762282093
0.001120584244091991
0.0002354654956832599
0.0003277107974570424
2.280580292438027e-08
0.0002530271625340203
1.568331488637237e-06
2.965433584694157e-06
0.002922727754357674
1.10834117579708e-05
5.603499840109459e-05
0.001168545304542508
0.0005215821431707828
0.001318031693097232
0.0005696150647943486
0.01360075198022062
0.004694703420341966
0.005134823574784483
0.009397859314804786
0.005299916111895129
0.01805481909612702
0.003482480890232581
0.0006802072804494523
0.00152139528420357
0.007661798333049016
0.02008302055741567
0.01349555963634163
0.0108059158460901
0.002209923901322115
0.00921101393935106
0.0006610087626132295
0.008270973513929894
0.005403233808398149
0.008322608139104721
0.005823501305232921
0.01953038045586333
0.009012231248671034
0.007243310699389622
0.0003544623783267958
0.04417054740782333
0.005232279464020748
0.04588126741363629
0.006460942904218606
0.003066710188659795
0.01392814350983109
0.0141213392522321
0.003334901884950315
0.005728812697492823
0.0256877563322889
5.15369278918053e-06
5.286407988789166e-07
0.001283068920417235
0.02777025660230598
3.925547030483328e-06
0.1090063727012304
0.001095140266978985
0.0003335125358131006
1.534285976532916e-11
9.95904933360238e-06
8.176152719116187e-08
0.01113341159267703
0.0007701652282883613
0.001254383883511613
4.00480185624348e-06
7.907178008358387e-07
0.01470950725375183
0.05156364064203348
9.017020826889585e-07
0.003055345456489043
0.0008116755783294324
0.00502361751896374
6.832872347114443e-07
0.009764483068708665
0.0006495701386294715
1.950780083366634e-06
6.479486592545435e-06
0.0001715999325583717
1.920120022428457e-08
5.537984469171904e-09
0.01305966462264212
9.649975004494777e-07
1.414574991171438e-06
0.001592222319920636
0.0004869563161540227
0.002400957491316346
0.0005479280219710486
0.0001458133021405978
4.403515316617272e-09
0.000141350159990777
0.0005564914686361989
5.535638388182991e-06
4.964475931461836e-11
5.068636988984334e-06
1.337001628713398e-05
0.0114166416087757
5.957337685538932e-05
8.311040148921216e-06
8.720731091160838e-05
8.018111392118093e-05
0.002823401266877519
7.89747288762204e-06
9.272681456070117e-08
0.0001110710156623522
0.002468069014832479
6.506188740641164e-05
4.412696541329825e-07
0.00617770678378718
4.881765484530036e-05
4.639038001868765e-06
0.0198466861330857
1.439003451163146e-09
0.006311909026526717
0.002641104075800145
6.988064118411918e-09
0.0004432965877655825
0.006734370093758109
2.885531728279037e-07
0.0002307754381981726
3.314489610344669e-05
0.0001164397779632723
1.055496374991243e-10
9.359978374221153e-06
2.525331504199251e-08
4.040206770925692e-07
9.923079385311246e-05
4.925011517186891e-05
0.001035010030357749
0.003511678296788463
4.663364359012512e-08
2.539276784279382e-08
1.011512500197096e-05
3.460168365947558e-06
0.04622494902658179
2.53310973849959e-07
7.058786273274919e-06
1.395459120765031e-07
4.587467135168515e-06
0.06267466356016022
0.0006088992305856619
0.0005412535074973125
0.1619921401916744
4.79412667718512e-07
2.561423665162771e-05
4.044766656291109e-11
0.001406390662974382
8.503876273370887e-08
0.0002569872720953567
2.220058431656548e-14
8.086745295283142e-06
1.004220502508311e-05
0.002822625067664607
0.001695870164080029
0.04162833502085018
0.08696632029136335
3.410956154556875e-05
1.441503953006968e-08
1.301342078744503e-10
0.0008294250639011797
8.214281005732781e-11
0.002253595919509296
5.436962126385179e-09
0.001125345522886539
2.173352520793557e-06
2.745810688561892e-08
0.004457907046713113
6.20615727794612e-09
0.01255962127665519
1.647361999463867e-06
6.091448902764995e-06
0.003572022144062595
0.5273304685782543
1.689149863955948e-05
3.306405597584488e-09
3.046689978478198e-11
7.59151789085833e-09
0.008448024480715055
1.079145730796099e-05
0.004180040502131441
3.150512350890999e-05
1.853246677113063e-09
4.925437442106876e-06
7.448642336455395e-05
1.634827701604164e-08
0.6222843948936996
0.4443316068969932
1.517879184044908e-05
5.463295376750581e-06
0.0002397514346546498
0.001522419501220089
3.453346476489217e-07
0.0002392220708856219
2.413970053441133e-07
0.007445108417260244
9.014275825406131e-05
0.0003588331015423754
8.409145201424512e-12
4.395137546229288e-06
1.345296670503486e-08
0.0001962065911072756
0.0001147887363094035
6.832285971171016e-07
0.001474316433175865
8.471253343309527e-06
0.001531449944665509
1.51021821837728e-05
2.391786828891882e-13
2.188949920952487e-08
4.954441561893163e-07
3.209541721753036e-05
3.925317661971189e-07
0.0001411473214368865
0.001345367100177447
0.0002566144346903926
2.335141465403422e-05
3.945177789403081e-05
0.003259217808612447
8.075117747825047e-06
0.0003209181883558866
0.0004830301840575405
6.202604652094749e-10
0.0007255408520314466
1.574332375463402e-06
0.0004413897876311063
0.00441122846069266
1.036951637534545e-09
8.529893096913317e-07
0.0001721310404975184
0.004643732716879085
3.000547732128285e-07
6.941323889281786e-05
0.001709404674527904
6.16535116448212e-05
0.0006545218215805444
0.0008931779100342252
0.0008326662498479277
1.420480788474445e-05
1.402054856719969e-05
3.249804671635998e-08
0.0004381395208120286
0.002076622647472938
1.513263709880736e-05
0.0002554574389617997
0.000608101554580444
2.130436772306989e-06
5.552088570489951e-07
7.019927294694239e-09
0.0002346191182035618
2.724609509862276e-05
0.002143146672645129
0.00681718130050646
3.385563325078351e-07
0.0008790689187559131
5.14558285782095e-05
0.4251689009556217
0.002614261216394547
0.0003048883490300398
0.001044971534134846
0.001698562513747433
5.345921628809684e-06
0.03054423309208281
0.0001679968767494281
0.1849620107826686
1.552909817701325e-05
0.004595367845169143
0.002111446995147541
2.549937528739225e-07
1.189327283051915e-07
0.000984222754978386
3.562618244556006e-05
7.255895260103771e-10
1.860402253236879e-10
1.716109989749821e-09
0.0001799472427351423
1.604484195102288e-05
7.444345170585729e-06
2.927469982896981e-07
0.001226147762282093
0.001120584244091991
0.0002354654956832599
0.0003277107974570424
2.280580292438027e-08
0.0002530271625340203
1.568331488637237e-06
2.965433584694157e-06
0.002922727754357674
1.10834117579708e-05
5.603499840109459e-05
0.001168545304542508
0.0005215821431707828
0.001318031693097232
0.0005696150647943486
0.01360075198022062
0.004694703420341966
0.005134823574784483
0.009397859314804786
0.005299916111895129
0.01805481909612702
0.003482480890232581
0.0006802072804494523
0.00152139528420357
0.007661798333049016
0.02008302055741567
0.01349555963634163
0.0108059158460901
0.002209923901322115
0.00921101393935106
0.0006610087626132295
0.008270973513929894
0.005403233808398149
0.008322608139104721
0.005823501305232921
0.01953038045586333
0.009012231248671034
0.007243310699389622
0.0003544623783267958
0.04417054740782333
0.005232279464020748
0.04588126741363629
0.006460942904218606
0.003066710188659795
0.01392814350983109
0.0141213392522321
0.003334901884950315
0.005728812697492823
0.0256877563322889
5.15369278918053e-06
5.286407988789166e-07
0.001283068920417235
0.02777025660230598
3.925547030483328e-06
0.1090063727012304
0.001095140266978985
0.0003335125358131006
1.534285976532916e-11
9.95904933360238e-06
8.176152719116187e-08
0.01113341159267703
0.0007701652282883613
0.001254383883511613
4.00480185624348e-06
7.907178008358387e-07
0.01470950725375183
0.05156364064203348
9.017020826889585e-07
0.003055345456489043
0.0008116755783294324
0.00502361751896374
6.832872347114443e-07
0.009764483068708665
0.0006495701386294715
1.950780083366634e-06
6.479486592545435e-06
0.0001715999325583717
1.920120022428457e-08
5.537984469171904e-09
0.01305966462264212
9.649975004494777e-07
1.414574991171438e-06
0.001592222319920636
0.0004869563161540227
0.002400957491316346
0.0005479280219710486
0.0001458133021405978
4.403515316617272e-09
0.000141350159990777
0.0005564914686361989
5.535638388182991e-06
4.964475931461836e-11
5.068636988984334e-06
1.337001628713398e-05
0.0114166416087757
5.957337685538932e-05
8.311040148921216e-06
8.720731091160838e-05
8.018111392118093e-05
0.002823401266877519
7.89747288762204e-06
9.272681456070117e-08
0.0001110710156623522
0.002468069014832479
6.506188740641164e-05
4.412696541329825e-07
0.00617770678378718
4.881765484530036e-05
4.639038001868765e-06
0.0198466861330857
1.439003451163146e-09
0.006311909026526717
0.002641104075800145
6.988064118411918e-09
0.0004432965877655825
0.006734370093758109
2.885531728279037e-07
0.0002307754381981726
3.314489610344669e-05
0.0001164397779632723
1.055496374991243e-10
9.359978374221153e-06
2.525331504199251e-08
4.040206770925692e-07
9.923079385311246e-05
4.925011517186891e-05
0.001035010030357749
0.003511678296788463
4.663364359012512e-08
2.539276784279382e-08
1.011512500197096e-05
3.460168365947558e-06
0.04622494902658179
2.53310973849959e-07
7.058786273274919e-06
1.395459120765031e-07
4.587467135168515e-06
0.06267466356016022
0.0006088992305856619
0.0005412535074973125
0.1619921401916744
4.79412667718512e-07
2.561423665162771e-05
4.044766656291109e-11
0.001406390662974382
8.503876273370887e-08
0.0002569872720953567
2.220058431656548e-14
8.086745295283142e-06
1.004220502508311e-05
0.002822625067664607
0.001695870164080029
0.04162833502085018
0.08696632029136335
3.410956154556875e-05
1.441503953006968e-08
1.301342078744503e-10
0.0008294250639011797
8.214281005732781e-11
0.002253595919509296
5.436962126385179e-09
0.001125345522886539
2.173352520793557e-06
2.745810688561892e-08
0.004457907046713113
6.20615727794612e-09
0.01255962127665519
1.647361999463867e-06
6.091448902764995e-06
0.003572022144062595
0.5273304685782543
1.689149863955948e-05
3.306405597584488e-09
3.046689978478198e-11
7.59151789085833e-09
0.008448024480715055
1.079145730796099e-05
0.004180040502131441
3.150512350890999e-05
1.853246677113063e-09
4.925437442106876e-06
7.448642336455395e-05
1.634827701604164e-08
0.6222843948936996
0.4443316068969932
1.517879184044908e-05
5.463295376750581e-06
0.0002397514346546498
0.001522419501220089
3.453346476489217e-07
0.0002392220708856219
2.413970053441133e-07
0.007445108417260244
9.014275825406131e-05
0.0003588331015423754
8.409145201424512e-12
4.395137546229288e-06
1.345296670503486e-08
0.0001962065911072756
0.0001147887363094035
6.832285971171016e-07
0.001474316433175865
8.471253343309527e-06
0.001531449944665509
1.51021821837728e-05
2.391786828891882e-13
2.188949920952487e-08
4.954441561893163e-07
3.209541721753036e-05
3.925317661971189e-07
0.0001411473214368865
0.001345367100177447
0.0002566144346903926
2.335141465403422e-05
3.945177789403081e-05
0.003259217808612447
8.075117747825047e-06
0.0003209181883558866
0.0004830301840575405
0.01365148865001358
0.001224740498743069
0.07212449448018023
0.000112127298324919
8.543119090700282e-10
6.372339408445036e-07
7.321609309062534e-06
0.0001462358509479685
3.731775754241661e-06
3.928833713605379e-06
3.902975341839554e-05
0.0001614597354088462
0.001199220138968861
0.0003190780195009234
0.009247563361188992
2.282011583717863e-06
0.0003226968835980456
6.237595768037315e-06
0.0002645937642468899
0.0003842477814545425
0.007744782505103326
0.03003572795380234
0.0007120370985501777
0.01128152257800302
0.03728366050476929
0.001078216687645453
0.1624190735689074
0.001763552785941792
0.03354903699729749
0.001568033536284229
0.004937065222529766
2.636794744547229e-05
0.02295471081701505
0.0001079962750068452
0.000658914876297851
0.0049394947511055
0.002693658177127236
0.000193734009324833
0.004192259957792713
3.871650881315907e-05
1.439098030637649e-05
0.001289278674268075
0.004006904796942719
0.0002250381913349052
3.775598955522878e-05
0.0004939278811231485
1.301127406129849e-05
0.05301041945508692
1.09348487803781e-06
0.00175626994104437
0.0003307865187512414
0.04752684823589266
0.01347380265824576
3.051692694877414e-05
0.8620529273397549
0.184277843958374
8.572638580606053e-07
0.2897135308294248
1.10926528802349e-06
3.618851618544091e-06
0.0378947690901902
0.003540402312242818
5.386593019043744e-08
0.001165660986398516
0.0001892021971046068
0.001331896241468197
4.717055548900168e-05
0.004540865797135186
0.0001444574496792158
0.00110685490657965
8.689205302251334e-05
0.00481219479031765
0.0008230505051023877
0.000878825980865378
0.01265351165770619
0.0005023996825025038
0.00255448335792678
0.02214724236183099
0.001191462321852617
0.3675696292767003
0.004298197590506632
0.003217113162472659
0.004493491043501678
0.001746834648456547
0.002066918591953757
0.0006270648070985223
0.001275291405439996
0.002495628952357963
0.004209438170040287
0.002653908407529436
0.007206550765004505
0.001097451840130771
0.02015972816008601
0.002758380225798875
0.0001462658495180195
0.003931117856542128
0.005108233201590109
0.00242631152244172
0.01220986046864399
0.003649200427499229
0.007605961294137764
0.001666353493989518
0.001845364951717413
5.691443548618364e-05
9.546961202942958e-05
0.000590924772927614
0.001614258663955657
1.932876423279023e-05
2.138003695242473e-05
0.001479727862798866
0.002276435534377457
5.454186813875239e-06
0.1656102948755697
3.133296460275086e-05
4.30862879177826e-07
1.597079713117914e-05
2.31858906526989e-06
5.554174843296025e-05
0.0001221698045789328
0.2199109427663336
3.946483110257634e-05
2.231169008035059e-05
0.1046503412347451
1.422572692406027e-05
0.001229443874955071
0.01269166386413623
0.005202650131011064
0.0013007520087204
1.094690821197442e-07
0.08122930206095726
0.005029594334263438
0.000715233261425077
0.0006479960710139283
0.0003533812759263933
0.001418475461931328
0.0001675322327542767
0.005264458433967372
0.000686651975932314
0.0003715343589684663
0.0003888356270746631
1.514025850974846e-05
4.01726386345315e-05
5.492459643436321e-05
0.000702831332517543
1.319699859947569e-05
0.002904935945250489
6.602119646353097e-07
1.284237036658504e-08
0.0005856416601814154
0.0006070167346450631
0.000149024464341573
5.830250432021649e-06
2.154910501821582e-05
0.02844774392200441
0.02414105220996853
0.0547466900941105
7.40803369851634e-07
2.636139583878347e-05
0.01167235878618557
0.0002942907665098135
0.001128116934802471
0.002268124279852173
0.00020596967368963
1.104377222155579e-05
1.599732887172115e-05
0.02062787327312042
0.001406024326932298
9.016449805081392e-06
2.573049761863249e-05
0.07182205125374296
0.004051011517488824
1.895383900667357e-07
0.005896869456725676
0.0007016325914852101
8.52208018759682e-06
0.0001493173125749143
2.10650812580716e-05
0.001618476275796689
0.0003844902978350951
0.0004812061759704722
0.0004325282790087937
7.436302937597718e-05
0.005987806918112604
4.607969203318054e-05
5.444680373834867e-05
0.003173546939912724
0.0007029163089118842
3.457329427252332e-06
2.406648143781654e-05
2.092614511332637e-05
0.0007280199741412171
8.036621440500983e-07
8.28890094066144e-06
0.3160103905955597
2.806964922164837e-05
0.0001649884553521873
0.001026689846873493
1.68253534138596e-05
0.0002129676287086875
2.709097034791675e-06
0.01762498078406909
0.01391777468889646
1.344155663828287e-05
4.049032296141019e-05
4.4760732948532e-07
0.0001329492328692725
0.0001081209986096378
1.477172529245921e-05
0.04127039277960888
0.01377710634211351
3.56224269270679e-06
0.006196918397440816
2.256829494147383e-05
0.005941334353818088
0.0001595489801339805
2.208735838840451e-08
6.463335745800387e-06
2.233853541630891e-06
0.002660974118226562
0.007284987961791401
0.0001444561276487362
0.0007718846206267372
4.401923252773499e-06
7.19971315982422e-05
0.000264510089685187
7.164966908205775e-05
0.0003583980456333845
0.0006117563887950059
0.004027446727878153
0.0001013461716581109
0.0006162870933389686
0.0007499277830843721
6.16897342785391e-05
0.002926893552076634
0.0003005494028435434
0.0003115318904089
2.049954722578617e-05
0.03888214808691418
1.655729228846011e-05
8.012031006384348e-05
2.653257449413085e-05
1.653920172748746e-05
5.597948597158713e-06
4.79584002590564e-05
0.0001274208036097197
0.004111887779508001
0.0002133865611527574
0.001598336359363406
0.001470623731649142
0.0001641928397778906
0.00141277538584744
6.38867397453302e-05
0.0003449202775169164
1.149651230620851e-06
1.013684958728693e-06
0.004571003997325795
0.0002063752302390195
0.0002282623241734605
3.224816753145137e-05
1.289047629165646e-05
6.606487229018566e-06
0.005655551676475724
1.391694311083907e-08
0.0003907222053085009
0.0002556040736059996
1.435642851325604e-08
4.433512168692573e-10
5.771958236298267e-06
0.001271230931633044
0.0002517092553834297
3.406176418872617e-05
0.0001479910652100952
4.917103906977748e-06
2.051977461706691e-05
0.002954269290043376
0.001747049270797036
4.323481115071109e-05
0.0009452888272820482
3.930444412880482e-05
1.354085163884108e-06
0.1905563970961616
0.0001081361350968906
0.006289825761093276
9.969498633514247e-06
0.001102859550901986
0.0009320424005457547
0.001944325703801977
0.001349429133171758
0.005510896984122466
0.0008912424700608144
0.0003851658572688565
0.0002903776841976079
0.0005193083794584637
0.002626219999351187
8.980229151229795e-08
0.01229237181468229
0.2494797638698924
0.002660924182195149
9.029764870737112e-05
0.001055195977017564
0.01208594654726545
1.028763606018414e-07
2.83199473772797e-06
0.0007303278381831475
0.02372584696150963
0.0001173970764119539
0.003598033964476958
0.01574950717417718
0.000177186055054324
0.007233043218635684
0.002547510336776345
0.003104490427102142
0.0003044593148593574
0.0001621889758808404
0.02239791207024206
0.0001554279863455802
0.03255192180031263
0.008123848642638577
0.0007915965897702423
0.07351347412221548
0.001526612499596957
0.004349031569749457
0.001342379437631805
0.002828599524007987
0.0001779405978934007
0.1964134379861903
0.02572542488420945
0.01364494736948106
0.002075285894221287
0.04692520589400984
3.317373464327574e-06
5.815300654684232e-05
0.04492872321032127
3.344417046420668e-09
0.007173955700927544
0.001014266852039404
0.007705293213208063
0.004289018648486939
0.01817705213570059
0.01902865109874743
0.0006736708031501934
6.510470877410407e-05
0.1800145148569779
0.006240801603568996
0.0005077185740361615
1.782153244163265e-07
1.178082872478119e-05
0.001496526421210209
4.02828064802145e-06
1.899823338985024e-07
0.003811302253545443
0.003995775098942713
0.0001402478977274886
0.0002846394294102266
1.488223563324889e-07
0.0004092799594252599
3.780791750286179e-05
0.0007376164505101973
0.003978157442359713
0.905037946549646
3.648649178523076e-05
7.806552486405629e-05
2.056974658160188e-05
0.005038650066245553
2.220074462802249e-14
0.001068592627543125
0.0004993443590349596
2.865857579467184e-07
3.060879450998146e-05
0.0006004820990145774
1.958839880311524e-05
0.05360929095188312
0.02392356028727877
0.01256770901730943
9.06044237011975e-05
6.969164538795023e-06
3.594352613466407e-07
0.0001044753277842255
0.0007542732203881659
0.006750174639527765
9.149637316830623e-06
2.301158827897399e-05
0.0002078230644685324
0.001854402485400771
1.894729852548647e-06
1.51082925250349e-05
0.0101314683458012
0.00891663764887482
0.00246561050779498
0.008027866317065537
0.005135714839353558
0.001781396806419996
0.0004059974521877153
0.0003218531950558403
0.002194969741464819
0.0001862199295124551
8.259430931013724e-05
0.0004426018216386594
0.0003675413964590079
0.0002179001557760843
0.002230810164254225
7.918701917337032e-05
0.0004544245348220866
0.05176805190856187
0.01306706794545939
0.003404502338902032
0.0005779348831380774
0.004658315420163117
0.03861063604626436
0.007340104089642756
0.0003857666357846973
0.0001906096546702352
0.0001736698536349339
8.210326036961254e-06
0.05434716682068256
0.00116606157618483
2.183920815940195e-05
0.0007196159686901386
0.0001693767207448249
0.0004975759522775083
3.865777651349792e-05
0.0002591915118923781
0.03766116938490692
3.899581442603846e-05
1.023119063624733e-06
0.0002435406966746594
0.0002640715721219332
0.001081997121273661
0.001063783314429873
8.87466764460313e-05
2.497751231800012e-08
0.01835532955891135
0.009992059974850922
0.008732048955571704
6.984855770044314e-08
0.0002143299244951044
0.0003665723559996003
0.001943549487166109
0.0002155371019958677
0.009574065535803153
0.002505063342053149
1.846874525180309e-05
0.008228167986707629
0.0003714088072735118
0.0002418483583498022
0.001339167572659608
0.0003041870388645078
6.976859717029316e-05
5.588773967485154e-05
0.002752070863046205
0.1171468501295104
6.669510210711912e-05
3.842480571994882e-05
0.0002787029147125817
8.80862552440847e-05
3.65681370241653e-06
6.082174639664933e-06
0.0002497238315273791
0.000771103696073676
0.001015668035786669
5.207295593853689e-08
0.003417842289266602
0.0005217700776608261
0.0001073927012643029
0.002208651057014593
5.549181681488358e-05
2.153089459201076e-07
9.880902541122667e-05
0.0003190422907103167
0.007006902661937085
0.0003007185395725916
0.001032794366532151
0.01144218337709008
0.003681580086214468
0.0003788023755627905
3.341823875390076e-05
0.001419757948137893
0.001088449770678236
0.001765855470060745
0.0006601171586365659
0.002155323576881063
0.03237333535502801
2.772330223371957e-07
0.01748490460062669
0.1172091405412886
0.001841543872598184
0.0005692763603906061
1.815385113269181e-06
2.008812204005214e-06
6.337942901194792e-05
0.00317113484444795
9.8059109331299e-05
4.500787484701586e-06
8.45844585008599e-05
0.0003840512667678071
5.216192791086981e-06
5.190210998363654e-05
0.0001736996438050719
0.0004769756303766595
1.541145311064159e-09
0.004416688456256429
3.731936672278604e-05
3.411053311528398e-08
1.154005878373617e-05
4.829654189914455e-05
0.0004478909019856391
3.377165888029493e-07
0.0001104427898007077
0.0004932165408437448
0.003524199736271033
0.0003208934180693038
0.001381547844437625
1.74343087821131e-06
0.01138010469348924
0.0006889470840325655
0.0002952549751295629
0.001175300101974131
0.0005120503169330393
1.563584978645886e-07
0.0006449464474209128
0.0002556185166451962
0.0006540670232363532
0.02273382803531188
6.255447161126391e-12
0.0002558603763016048
1.961164210575048e-05
0.0004075700139707045
1.539237857211417e-07
0.0001314822374291981
0.09495063068915968
0.001441652827255471
0.006815104320305514
1.507254282608113e-05
0.0001806972442387031
2.798216142811378e-05
6.253309454751908e-05
0.0005550356421110095
0.0002625752261433227
4.923240119803634e-06
8.711347723787032e-05
0.01199952090509087
0.0001058453215899516
0.001066972078255883
0.0007942754684274982
0.006866498979986419
0.0002101911731845202
0.001053294934239037
0.0002887459453454927
2.541713625005887e-06
0.004878757915411766
0.002335537865974648
0.000324532137552913
0.0008013808526105509
4.178126381359404e-05
0.007969128141983733
0.0008266100694415809
0.004783049686135091
0.0002229074788022586
7.464281563997916e-05
3.401036922895902e-05
2.220102795469597e-14
0.0001817077154248036
0.0005601553769072656
0.009507983557878255
0.0002206288529716564
2.685475147857718e-06
0.01179194608692909
0.0004035407536099839
0.0002735056913231848
3.350806536171634e-06
0.001473193547691889
0.05349677488319651
0.00192377179560766
1.540642138395644e-05
6.766944452726544e-06
2.927034769313502e-06
7.74322161404123e-05
0.000353309901796764
0.0003880436027348047
0.001239113712503706
1.038590183915834e-05
3.904951737597273e-06
0.0001467365125466373
8.95224364957717e-06
5.188497525602154e-05
1.146019361695166e-06
3.537016413226074e-06
3.084087404809198e-06
9.06560669740206e-05
0.0001836014873878865
0.002889406769224869
0.0001810694283066378
0.001641776689640815
0.003152714961683718
1.955492981607599e-05
0.03757082265098339
2.339079180487955e-05
4.056765714597022e-06
0.0003763324814565099
6.783769189931896e-05
0.0009527611097995634
0.01423015803066599
7.059379578892902e-06
0.1074468248046042
0.001102148415787475
0.02031392973053303
0.0001443522194522702
0.002262907858040634
0.04587999404452475
0.07324978239692971
0.06542767682849186
0.0004020286293693679
6.449529301222515e-06
0.006201470364700008
0.2329363920430073
0.003059766784276748
0.0572853671657237
0.0002218029445963363
0.0004414503750477678
0.001671142475019997
1.254475211479176e-06
0.04785593413682238
0.0001187477299296992
1.439230552925204e-06
5.086661251882914e-06
3.903030691504791e-06
0.0003465418890978291
0.260750530803975
0.4158498933500118
1.16807717983894e-11
0.002118958017575041
1.121392092190957e-05
0.03611207266932424
1.131732870595433e-07
0.001267918999358645
1.759767474478877e-05
1.058335757833038e-05
0.06241025215749543
0.0002595755182652356
6.394045031886835e-05
4.403510748767478e-11
0.004210588912547645
0.001032648057227516
8.707792897502589e-06
0.01150236387029536
0.0002278176481587608
0.003036919724314347
0.0004335615025253948
5.627783397240846e-06
0.001903969404714147
1.028607444152687e-06
0.0001105251260205703
0.03798227941113454
0.00191049207729676
0.0002224960713150801
0.01983701120166121
0.009241561640189203
0.01123410051039255
0.03328421073205835
0.007302331164531778
0.007619574393006139
0.00425621776295591
0.001701551943029268
0.01579601761549019
0.00913144422778082
0.004025286003583969
0.0003266244789043409
0.0007099059731310507
0.0002589125072537231
0.0003427727245067266
0.003000181083960769
0.002748981075302117
0.0002418867496911386
0.0005234443451484091
0.02684239531043732
0.01293991657412897
0.1326595374568089
0.0003584392970942605
0.0005016661734252485
0.0001746110710943057
0.0001373539220799069
0.003724250892202072
0.3250936970231052
0.000732167679647869
6.331708583066193e-06
0.08526302964316558
6.605620150902845e-08
1.134166158097448e-05
0.1802750980208876
0.02757772032004956
0.0002625483891147983
0.001146910722038819
2.529596478182842e-05
0.001048930703926318
0.00125501870208821
0.0003417241469900626
0.2296825893405874
5.448295299017752e-06
5.115167686354182e-05
1.402883818905107e-05
6.615841798850245e-06
0.0001578276525987698
4.429394296376514e-05
1.143558804569716e-05
7.79709406232028e-05
0.1143360784463957
0.0005216841780918892
6.113050555221288e-06
4.123662534596156e-05
0.000115677077478901
0.0003914108995228453
2.199933807651525e-07
0.006171844616061589
0.000766638657279627
0.0008084676736615589
0.0005236934315618775
0.02074979762028202
1.204902268097757e-05
0.0006179781792421721
1.678905892371809e-07
0.02745743288932973
0.005290808390448654
0.1144283824996915
0.0001897909183631307
0.0003158026839131913
0.001942387878571653
0.001417615550975735
0.0005083846171954892
2.624935063230688e-06
0.001140198461781732
6.26659029189415e-11
0.0003035343782654619
0.0001523347263806763
0.0004895049803492694
3.945503029515115e-05
0.0004441491716829737
9.71532013424876e-05
0.0004749999699995211
2.470053870010757e-06
5.415484581828114e-05
0.0005611761156161692
0.0002044805338216493
0.0001847990610365225
9.952622420332135e-06
0.003469552287830006
0.0001260969825737948
9.018377488363233e-06
0.0007437548138436948
0.002252050103626902
0.0003829977082390791
1.643941289691645e-09
0.0001250963037672732
1.708290587563061e-05
0.0001691740167321347
7.883685409398021e-05
0.0005884315540060803
5.010788136593913e-05
0.001723632559376663
8.669883830350181e-06
1.670075785453174e-06
5.221800699655727e-06
0.0005123745557956185
0.1795502338216784
0.01768326930842966
0.002380011475593466
6.170302727615202e-07
0.003277542875480006
0.0003277145473534391
0.00151987788381785
1.682812256950752e-07
4.981738866612585e-06
0.00169941245172485
0.0006459403332887885
0.0001264803408612065
0.0001254688994753906
0.001436499638579234
0.006268864179458804
0.0330344671216556
0.005606009676435238
0.0008386550367270953
2.482940498897801e-06
3.054946010577003e-06
0.02707317157037776
1.876358643169482e-06
8.885405173220477e-06
9.564180483891677e-05
0.02105659417823185
8.004383489144269e-05
8.724443428317072e-06
0.001782315843069261
0.001001411616890277
0.002101861403026863
0.001902981216873423
8.903554822842956e-12
0.0004281705080488525
4.34516102456859e-09
2.01872340448717e-06
0.0002731552440248627
1.041797898633118e-07
5.859357767861357e-06
3.209426066312477e-12
8.359520156754684e-05
8.218689792652498e-06
5.739019538475641e-05
1.121503562083001e-06
0.0002265689105607981
0.06938687309604577
0.002271424081735557
5.374787977087823e-06
0.003660277720582944
0.001618978550513439
0.2211612866450338
3.241879443895395e-08
1.971892279592172e-08
9.322799437021683e-09
8.851358008658806e-08
8.848153201329804e-05
0.02295098400965083
2.290653976763947e-05
0.0001185012624967477
2.436552408676284e-06
8.23314228218068e-07
8.887665765724653e-07
0.0003402289621776845
0.001453580509427021
1.391879480256072e-05
0.0002093799589585061
5.031337184892627e-07
1.744460319393079e-05
0.001337501697462771
8.112057395094356e-05
0.000957252834947989
2.011342847095787e-06
2.841073215989591e-05
0.001075084800873159
1.67012234911527e-06
9.032242950399017e-05
0.001323373707030441
0.001925525037553115
0.001990327067666498
0.0001905588654207304
3.844140227287393e-05
3.402055174888106e-06
6.451778135527949e-06
0.000403574977542257
5.432427509212979e-07
1.531212766195507e-09
0.06777084595770597
0.0002622937791256652
2.995872305676138e-05
0.0003756581212709086
0.002664177828062728
0.0005205028662671324
6.243367867700441e-05
0.00153470702857653
0.01254495660383768
0.0007744718522837006
0.0002163961110102223
0.001196243182533228
0.0002064859727209739
0.0166955709573276
0.002084365464201533
7.975994020770356e-14
0.02314735704269721
2.979598606172908e-05
1.478144671262218e-05
8.694829644397402e-05
0.0001832418057618163
0.0001050044580015817
0.01518947825272628
2.701561025974114e-07
0.001220705064231644
0.0001370562232870692
0.0001120801353533984
0.0001716185851501796
1.094334074390269e-08
9.126478392776175e-05
4.570820841604585e-05
0.003958293430088596
5.920059144781721e-06
5.30117113019351e-05
0.0008020861289452126
0.0004361820605718017
0.001081593014624278
0.05248213898822213
9.721710701414904e-05
1.166812977729854e-06
1.608280686541413e-06
0.001307596741406003
0.0003803490536138216
0.0862188158087586
0.02767213218870293
0.0002638535938272666
0.0003519672765732822
0.002762686368061389
0.005828381578012715
0.01122296843798293
0.001005177005606199
0.00214684158056206
1.036981917521448e-06
0.002840290183986781
0.07512978873852838
0.05815816976133974
0.06218897049095519
0.001789249378354526
0.0006905908140480856
5.690278222793898e-05
0.02140354374948724
6.617736503282542e-05
0.06993728250690122
0.1708847765926168
6.225074021178607e-05
0.02967447831118353
0.01142122899398917
0.001552692989893359
2.647929629610002e-05
7.900775795393605e-05
1.225541621125112e-06
0.00772295576015801
0.003556234973057003
2.738881445313546e-05
6.657564876323281e-06
0.0007539765980165393
0.0002775753269392587
6.614877647941925e-05
5.534927917799063e-07
0.007154729676260858
6.778601253417856e-08
4.601560129731102e-05
0.001421306375380324
0.1343845156558075
0.02109228916597649
0.0003295051920769552
0.01123725754746084
0.0652053248069488
0.0001106004183158083
0.0004604487534135725
0.001743934687914337
0.006313731278092903
0.006054353765193913
0.02025606039692546
0.0001024447662556894
3.603167189876447e-06
0.0003553755613840774
1.239786249471897e-05
3.996870907061307e-06
7.861674419773987e-06
3.335937265500385e-05
0.001720495642716814
0.0001613821243414462
0.0006909954937770889
0.0002078245487909481
0.05306839760496573
0.002816900061116123
0.0002337162078016529
0.001972257743776968
0.0005081628585989809
0.0001302821633001139
0.0004338065720352544
0.003622259234743705
0.001557143846936112
0.001232744814188617
0.0002287659155167801
0.001560276034263947
0.002694634519061055
0.0001375274040037521
0.001728561308372643
0.006642403616158182
0.003045917332394416
0.003188258016942882
0.0001998681545460251
7.718614134488564e-05
0.001189419088484829
0.001854520062808603
0.0009623353989153343
0.000167811638918991
0.005266228000165794
0.002574416174021507
0.005768569338225326
0.0006670427080848862
0.002839159309136212
0.4510727007799431
3.871900306276407e-05
8.424610049752582e-05
0.0509903243638415
0.001320965018574544
0.001213475702764004
1.61242504283319e-05
0.0004001532558445887
0.0001279231935289872
0.0001036673098227913
0.0100021858916861
0.001783282539756877
0.0006247549894267362
0.1155658977296799
0.0001625526988658717
6.1065471422256e-06
0.0001695698365115116
8.524578932996119e-05
1.18093132401285e-05
2.273585820949591e-11
0.00108990712960386
0.0002985253782368453
0.0007717363559415651
0.001822891198498203
0.0003964623363757339
2.847670152496963e-09
0.02138476391362901
0.007707336122193809
0.0004849871051911516
0.0001147664956806733
3.684194594231322e-05
0.003283611850626092
0.005497628731995477
1.965700435594115e-06
0.03107338579638323
1.13192424049884e-05
1.624985513402578e-06
0.0027541902046312
9.245355538865209e-07
0.00279923713553214
8.017202490958216e-05
0.001399139183666616
0.0008059788213366861
2.693318389050683e-05
0.000154590278717184
0.003902766787305041
0.0001024171571431077
0.0003332556089960514
0.0001885322127638995
0.02250710371548382
0.0001373793138215352
0.01670124526207903
0.0003170586497641154
0.000166700993027324
6.238698154232095e-05
5.466095215994882e-05
0.02562691799621258
0.0003068599297589605
0.0008835984680206575
6.864751538774342e-06
0.000119986782774275
2.631068141409485e-05
0.007939414907755868
0.00175446225498558
1.560166590361733e-05
0.001012193445437433
0.0005936436457093501
1.134126364041916e-05
5.604039147114637e-07
0.002210582248407777
2.477955455769143e-06
0.0007063091692447525
0.0006979770909472326
0.0001916450097517888
0.0002627554437120953
5.291677402234491e-06
0.002690796869657575
0.0001941734342305743
1.683799116455793e-06
0.004179527457477334
0.004938994662281042
0.002523766906360181
0.004242075307895166
7.571003999323239e-06
0.03761463144780029
0.001987625513549066
0.003258219687359173
0.2657634799589664
0.4794698848429367
0.0003508813351171289
0.001075768352887624
0.03408941617820137
0.0001081447345053051
1.821647659466051e-05
0.001972525567037834
0.008661746555618362
0.0002547578595967425
6.831276661295947e-06
0.001575057617435594
0.0002670890946206885
1.061004371780109e-05
6.351241728106727e-05
0.0007451438778465558
0.01203560432067729
7.92034660362142e-05
0.03209838348944625
0.0001541859126327756
0.0006988700675658872
0.00728463797179549
1.321419365530576e-05
1.613882593917386e-05
0.01856787587719014
0.0002535349987139378
0.008331407692479496
0.0006303193579647528
0.001624160374405813
0.003746962714421533
2.661449916153376e-05
0.001212848378188316
0.0005141289566517223
0.1551388992695767
2.649065634196816e-09
0.004018648991536512
7.501129658760502e-05
7.744986742959228e-05
0.0003732576893111146
0.00219711641713165
2.847912789041506e-05
0.003507264993763748
0.0009324456584749721
1.844596001496153e-05
0.0001527987246441744
6.737340187453577e-05
0.0001955369975852596
0.0004851969670012693
2.529295503319832e-05
0.02114215546470044
1.149580544756035e-06
6.243177419774075e-06
0.0001744017397600526
0.0001899530437038492
3.532291209529177e-06
7.62118862189311e-05
0.0001217722567970891
1.977680272421614e-05
1.53950572661728e-05
0.0007609492368477613
0.000672604049699078
1.709721992469086e-05
8.562635786593485e-06
0.004660568495348707
0.002134006266174601
0.0467147762008692
0.0007054830918041378
0.0004478037027373256
0.0002266137617644047
0.01351711210282758
8.126322332852693e-05
0.0009638089442686457
0.0009975217771195544
0.001299465852947536
3.093611189200722e-06
0.00117463062237111
1.010381551189275e-05
4.18357103360211e-05
3.905612788720577e-05
6.765443349883206e-07
1.778145283369478e-07
0.0003481685194898469
7.901208406202255e-06
3.226367199620032e-05
0.0003099197135551516
0.0006106894105813801
0.006859520681393705
0.001870162359956096
3.558451182249549e-06
0.009669193762067608
0.04015909715454431
0.007651685349798708
0.04015909715454431
0.007651685349798708
0.001453463764936861
0.021459714281736
0.0001143089326770641
0.005007057350992659
0.1374193070147994
0.3299744869201032
0.0004452987749389648
0.0001902401620964303
5.135959779248096e-05
0.001307284195134115
0.01571372044087191
0.02305005640866219
0.03744408102109151
0.1165851881669904
0.0006375155547371739
0.105606415199062
0.01571372044087191
0.02305005640866219
0.03744408102109151
0.1165851881669904
0.0006375155547371739
0.105606415199062
0.01163476549009487
0.03626099467663271
0.3579208323236929
0.0009133354894856928
0.01286553249596116
0.0002123620076252582
3.152043112476472e-06
0.0007283852622981831
0.05951535071310687
0.9025784269624192
0.007849756371470621
0.03530367814000591
0.001574323880246459
0.004385046128943325
0.0004729485080250392
0.001504899293277125
0.001603480111878087
0.00544248787951684
0.003771313703746364
0.0368318505717888
0.1691459727759033
0.0007758398003260159
0.2058664438874647
0.1451941519531176
0.6797147724431851
0.3571088972418873
0.02708195254625309
0.09067130063546011
0.08523861068272044
0.9539283650236305
0.1671744860264118
0.001790430145802247
0.2615459590677754
0.4905946785347198
0.01542854551204552
0.001849275829379152
5.347634728292526e-06
0.002208370800104591
0.0001506449413813065
0.0002374088318195952
0.0009392587653093363
0.008663947367342403
0.001811234840760907
0.001981319362658702
0.001724413540090456
0.002749796286393004
0.001856342693497975
0.007625840867995655
0.0005763628928394901
0.01372300552172497
0.0002562635474617844
0.01126042790870677
0.003400476434969564
0.04991637819785486
7.849125445577612e-06
0.0001028960891201057
0.001207354281154198
0.1360311232607519
0.159624775408921
0.0009392587653093363
0.008663947367342403
0.001811234840760907
0.001981319362658702
0.001724413540090456
0.002749796286393004
0.001856342693497975
0.007625840867995655
0.0005763628928394901
0.01372300552172497
0.0002562635474617844
0.01126042790870677
0.003400476434969564
0.04991637819785486
7.849125445577612e-06
0.0001028960891201057
0.001207354281154198
0.1360311232607519
0.159624775408921
0.007945359200068352
0.008695994117426343
0.001260456240099563
0.7039860762125725
0.0003009917096626877
0.0004663554374396219
0.0006781026103425428
0.01432263546492648
0.0001486349170290106
0.02897434265422329
0.009887493708924097
0.04059485179423167
0.001089177519205101
0.0007214539636531284
0.05334635641870905
0.01009635763529737
1.930274842248917e-05
0.0001318504374673977
0.01971805276696255
8.013622278208725e-05
0.3308041342173899
0.03173014315532605
0.0001898864099153067
0.007665100241004167
0.2351422327182049
0.1428320064760494
0.001214859111974296
0.01102580813667913
0.01710168027678646
0.015355562828318
0.0008521592835441127
0.0003403948840560855
0.0007519702354759779
0.0008039084246535061
0.001197648141677572
0.04908442213813315
0.09922779831141831
0.1646563669339405
0.001048380350480894
0.00658659282903341
0.000438952955275775
0.0001783615398046751
0.00773767487612012
0.0003899305003269433
0.01681445225488103
0.000696303929064321
0.1272213259906975
0.1313558523701533
0.004538006987805384
0.00452467812299801
0.0008785721156370237
0.0001099637979079612
0.0003633843242632753
0.0002384925342636181
0.2245659988265524
0.1493592990230786
0.0004331393203855468
0.002872038608534259
0.5666906115725118
0.01717300380173387
6.18663878810944e-05
0.0003087460404019823
0.3314503323644395
0.1796136172165638
0.1214874645806907
0.004200849347899206
0.001273616772138817
0.0005126265434228902
7.903425302212089e-06
0.0004767750101361788
0.00968210725202916
0.5161703183361291
0.002042854952273857
