0.0005354779450293524
0.9410322140571367
0.8377697950546936
0.0002097822059275791
0.7663686625357048
0.0212882653193707
0.9688043901876731
0.9426402778352675
0.9509087619114192
0.9469685219144505
0.164580162926511
0.246948965906734
0.9876827509840331
0.9945101562182912
0.1221562786298877
0.968011142279689
0.3405316514054704
0.734333997061096
0.9411145749992609
0.994284771608547
0.9731649137852906
0.9878763901656772
0.9930550784705233
0.9633648440310703
0.9471219743136737
0.9419844109319345
0.946547374691653
0.8668439596708788
0.8832472304280927
0.9805266784895935
0.8422453226719244
0.6149577355818504
0.9378798441795406
0.8265167231655685
0.9225662014311221
0.8224070333810796
0.05074290490341667
0.8839890634009143
0.9461298436903026
0.9959748510329932
0.9954339760757436
0.98628465382308
0.9794579810798899
0.9918756925872528
0.9940085880214151
0.9263570820104823
0.9858790550301623
0.9922587093111972
0.9891706331140838
0.989745180074571
0.7806329949236148
0.9797978086831663
0.9881855871259096
0.981165525915533
0.9574447335475578
0.9905596219997201
0.9958952862947763
0.9846283095366292
0.989748893490914
0.991326780254521
0.9672044392292385
0.995446401861507
0.9793809479551856
0.9807228661556145
0.9863546758433744
0.9455619762457557
0.9308231834904175
0.9817332494172458
0.9945190756326545
0.9874931269734412
0.9938157031214386
0.9905223741654032
0.979438603887688
0.9888791656365757
0.9901433025263623
0.8498754592166697
0.9829919456019491
0.0255559970973536
0.9704806418879504
0.974376467236629
0.7908611275262462
0.9403316283350939
0.9912831484148511
0.9909925789243721
0.991754363753436
0.9941176590749103
0.9898439100748949
0.9760843648064937
0.8586915477557051
0.9953536476402476
0.9887463908428511
0.9837477328670483
0.9959008091177131
0.9858053418367495
0.3837343461493251
0.9510260382056994
0.9161647652652184
0.9095153725473635
0.9499750054656889
0.8400430221263143
0.9937177591447544
0.9656757201354582
0.8575761550932056
0.9273223523065605
0.994832216770115
0.9829484449996985
0.9729908403146577
0.9970797979048588
0.9933311951071424
0.9940114770568023
0.9955079953787503
0.9856358093059207
0.8347252910882159
0.2939639051753021
0.1897385434517342
0.9803875381531927
0.9916971994634671
0.9372939124066674
0.864096864105448
0.8922361570270407
0.9899470635798915
0.9136422183482312
0.7727787557903453
0.8837335590654317
0.9890004236953285
0.9488166282246141
0.9808658175448056
0.9896238456450036
0.0005354779450293524
0.9410322140571367
0.8377697950546936
0.0002097822059275791
0.7663686625357048
0.0212882653193707
0.9688043901876731
0.9426402778352675
0.9509087619114192
0.9469685219144505
0.164580162926511
0.246948965906734
0.9876827509840331
0.9945101562182912
0.1221562786298877
0.968011142279689
0.3405316514054704
0.734333997061096
0.9411145749992609
0.994284771608547
0.9731649137852906
0.9878763901656772
0.9930550784705233
0.9633648440310703
0.9471219743136737
0.9419844109319345
0.946547374691653
0.8668439596708788
0.8832472304280927
0.9805266784895935
0.8422453226719244
0.6149577355818504
0.9378798441795406
0.8265167231655685
0.9225662014311221
0.8224070333810796
0.05074290490341667
0.8839890634009143
0.9461298436903026
0.9959748510329932
0.9954339760757436
0.98628465382308
0.9794579810798899
0.9918756925872528
0.9940085880214151
0.9263570820104823
0.9858790550301623
0.9922587093111972
0.9891706331140838
0.989745180074571
0.7806329949236148
0.9797978086831663
0.9881855871259096
0.981165525915533
0.9574447335475578
0.9905596219997201
0.9958952862947763
0.9846283095366292
0.989748893490914
0.991326780254521
0.9672044392292385
0.995446401861507
0.9793809479551856
0.9807228661556145
0.9863546758433744
0.9455619762457557
0.9308231834904175
0.9817332494172458
0.9945190756326545
0.9874931269734412
0.9938157031214386
0.9905223741654032
0.979438603887688
0.9888791656365757
0.9901433025263623
0.8498754592166697
0.9829919456019491
0.0255559970973536
0.9704806418879504
0.974376467236629
0.7908611275262462
0.9403316283350939
0.9912831484148511
0.9909925789243721
0.991754363753436
0.9941176590749103
0.9898439100748949
0.9760843648064937
0.8586915477557051
0.9953536476402476
0.9887463908428511
0.9837477328670483
0.9959008091177131
0.9858053418367495
0.3837343461493251
0.9510260382056994
0.9161647652652184
0.9095153725473635
0.9499750054656889
0.8400430221263143
0.9937177591447544
0.9656757201354582
0.8575761550932056
0.9273223523065605
0.994832216770115
0.9829484449996985
0.9729908403146577
0.9970797979048588
0.9933311951071424
0.9940114770568023
0.9955079953787503
0.9856358093059207
0.8347252910882159
0.2939639051753021
0.1897385434517342
0.9803875381531927
0.9916971994634671
0.9372939124066674
0.864096864105448
0.8922361570270407
0.9899470635798915
0.9136422183482312
0.7727787557903453
0.8837335590654317
0.9890004236953285
0.9488166282246141
0.9808658175448056
0.9896238456450036
0.9110338702458602
0.7426430051774445
0.8624447567474194
0.3667378267882805
0.9724180046774247
0.9008654776303414
0.955764981471241
0.9930629080700066
0.9924558200650642
0.9960502176366215
0.8170539026513877
0.8950746503228962
0.9929887702078081
0.9515684865052632
0.9618866840972188
0.9068690474812858
0.600590720602341
0.6966178043054916
0.9971302461217217
0.9967738460060985
0.9986267458353518
0.6442380399035695
0.6498453905921976
0.9947471892192538
0.9936748532994475
0.9959450263039518
0.9602759197939871
0.9284944924233385
0.9430291880645391
0.9209278340537521
0.6353698175384589
0.9197351352544993
0.9661277927537346
0.6370057722566478
0.922064968079331
0.6620984206275096
0.9967449467067462
0.9928796559894858
0.8757517440462912
0.9903128954684213
0.9881901383239879
0.9961576106183958
0.9744303710989325
0.9791618067230209
0.9888678153622851
0.9879502350562874
0.9838429142472588
0.9255392660040535
0.9957089373617931
0.9848927608261558
0.9937907534701036
0.9831377267481782
0.9834108365845972
0.9948796895166258
0.9845855661828803
0.6088853629981449
0.9929255563518449
0.9657219135559832
0.9703968568524387
0.9959989450919691
0.9927721556466919
0.9938186862421581
0.7113381801537235
0.9626590665555308
0.9870852415745976
0.9778973690795864
0.9818467115961316
0.9966577730307605
0.9757424978717439
0.91867229603625
0.988926737353706
0.9954485176129969
0.8382141018141942
0.9958039408314315
0.8802384621267989
0.9956385136433871
0.9862372241578634
0.9438869473994681
0.994218765218777
0.9621023204419423
0.9910706277057061
0.932178284575414
0.9913193981677173
0.9955840873777586
0.988474424753765
0.9817052158143008
0.9970640130606152
0.9833347442043541
0.9882365406171236
0.9884236528020374
0.9875184073859452
0.9905521209368704
0.920945780364751
0.9876702359991973
0.9907676635813781
0.9970632433365271
0.9920538338896853
0.9966584920873173
0.9957852883379957
0.9861411810721239
0.9930952713506164
0.9801956043968263
0.9956247474927583
0.9850280019023782
0.3495253815054053
0.997053001332499
0.2675283277744363
0.9219421748865292
0.9857439838313152
0.6784337369570561
0.9927270169843886
0.99327797994538
0.07003702619028598
0.9937179385297619
0.9942342749517746
0.9620063300522704
0.9945281627093605
0.9828155185419826
0.9881599387690568
0.7715545549551621
0.9982576931568674
0.995668997254298
0.9929850918178909
0.9982144992689971
0.9655810712482307
0.9866275008526005
0.9665115284771192
0.9711123050306121
0.9935351342012991
0.9273945453414356
0.9908903751972513
0.3970539620665176
0.1041156470072556
0.9506925948328537
0.9415491633244675
0.9981911263064183
0.8877455771761705
0.9557317175164061
0.9827397134100826
0.7707240578321037
0.7233209213748736
0.9883824717113864
0.8733995257968828
0.8629611292738226
0.967327855040555
0.9891377801717248
0.95654296102705
0.4057155166243727
0.9605019497811638
0.9913300194099844
0.9970055588011096
0.947178083746855
0.9856882882536476
0.9885893120647583
0.947764722961966
0.9304387065985513
0.9877357768327788
0.9224024388531379
0.9240083851849279
0.9383411737460283
0.9393613998174535
0.9276526058774537
0.05077474101234773
0.08096487373639888
0.9281998104226639
0.9379544381857857
0.7590728883142083
0.9561763726143592
0.9246757327645527
0.3293698765494191
0.906175319745704
0.8149257003728338
0.976515650494295
0.68208950210637
0.9913009023599889
0.4694209364912242
0.9929569703324024
0.989252658185668
0.9905830165540734
0.9921262617182912
0.9970936127594394
0.984459991154356
0.9887636661535186
0.9773189433583203
0.9822452915581351
0.9987182854365089
0.984992138656703
0.9542822311265696
0.9815493939611387
0.9543825497063633
0.9805442203844656
0.9918555190698591
0.9707276374061486
0.9517327518218045
0.9851766333749432
0.8988498216169131
0.9844529410662434
0.9989198532213277
0.9913893899774108
0.9355408577888088
0.9968340970773042
0.9929531365049621
0.9657148010934528
0.998696334764364
0.9942178605704187
0.9978223397487781
0.9943919586948258
0.9831578758478061
0.9665452225291818
0.9928646214422592
0.9895604988995373
0.9905949845237603
0.9847844496112338
0.974932100908833
0.9733470172795603
0.9900624976923547
0.9902918991961579
0.9428826244602739
0.9147681447441482
0.9777806354835442
0.9992132561680536
0.9973526798903808
0.9985132728559278
0.9804462976486313
0.9718501399416329
0.9958128316143985
0.9631297332248137
0.9976241552314491
0.9872793312254604
0.8363523177765333
0.9849221177363042
0.09077164868583078
0.3350200009815036
0.6605170655016901
0.2527054607649963
0.1524014756786847
0.9907888470614121
0.9877155509544164
0.9793591368136267
0.9897469265671182
0.8370226084908773
0.9921914281412174
0.9524094936880396
0.9532119695197886
0.9434538306728321
0.9582596322752664
0.8622741686318136
0.8495925369329635
0.8875322190229729
0.7717593464148472
0.6705209595253345
0.9367539143389247
0.666284112565637
0.648687431594935
0.9385027771518027
0.9920558577509583
0.9243164494667583
0.2660481821193033
0.9947096936762787
0.9842012998059129
0.9880012239242421
0.9946104090809227
0.9614076980278617
0.9538715341087495
0.9529185375430629
0.4350083322516671
0.9456733285019838
0.9421889532283764
0.4604619114066456
0.950625603348891
0.9593478511241306
0.1623266287952482
0.01019430441650254
0.003578391080316854
0.009478828699694745
0.9791758909889636
0.9350802300701652
0.9099900870860733
0.8707652290802428
0.5640358145936194
0.9362626738224407
0.9960565758448569
0.9610798790508099
0.9955377768300724
0.9403312742537184
0.02746101609752134
0.9906177216248511
0.9261474964873039
0.05958440056396668
0.1512924272378417
0.9961740865785541
0.9902780061314723
0.9274292378351577
0.9965177793132014
0.9920923877669127
0.96265338147388
0.9399406425975186
0.9907460656668108
0.989567751795277
0.9841138710085039
0.9592684609958366
0.7513409494461374
0.9892023607290741
0.9880351073976646
0.9863484972432451
0.9911032255919326
0.9916714552019508
0.9878629557537278
0.9860228924138064
0.9803353421402078
0.9903709868974591
0.9956257466029736
0.9913971216315931
0.9876848505614486
0.2341593853442726
0.9085390049569982
0.9736174872511716
0.9954135179565077
0.9956079734710077
0.02273847217160607
0.8122098150389124
0.9824402124170112
0.9929837202138007
0.9934684051940653
0.9935735072597761
0.9938566293106699
0.9866760767476235
0.9884253511126367
0.9922257167898678
0.9891611520568405
0.9449923373244993
0.9960617773531403
0.9912216980571378
0.9921130995509454
0.9883461269364808
0.9953366643966666
0.977355065130712
0.9893226075520707
0.9950933062289044
0.9130242096427493
0.9910897864881852
0.952583790026036
0.9935564884756118
0.9714661881136104
0.8484807311544512
0.9841435372608681
0.983604449155987
0.8585157452824033
0.9923618923048667
0.9545206470435322
0.993024634375219
0.9827195261445133
0.8092951090886593
0.8342623726091591
0.9963383431441424
0.8896675724744123
0.5470758210038441
0.01133288040007459
0.996879135518669
0.9884396911109028
0.9614408229166207
0.6397544399708572
0.9762901921064535
0.8590938985719383
0.9749563226062838
0.8157348639437615
0.9854459601679607
0.7923284429734827
0.8682529718629772
0.9052086149878675
0.9303944964440335
0.934939377355496
0.8968194383515271
0.8293780161978215
0.9525722511975884
0.8150625805012609
0.9889479546174219
0.9837586901117051
0.9916202187149004
0.9896095547231267
0.9885598434293296
0.2064752901844416
0.9055244166669214
0.9481952139621538
0.9298148998294528
0.9331999986914088
0.9345305290208861
0.9422673554992455
0.7242505833882712
0.9132711826710803
0.5698826377433542
0.8812099079495124
0.708143203117178
0.789827969891353
0.9936305439327415
0.9781950621290669
0.9939611883512794
0.9229420775707142
0.7847209678924281
0.9396654348447311
0.992066141155939
0.9923551766669588
0.9779993426835406
0.7624083231429591
0.9962707127365605
0.980452784321648
0.9941848439045238
0.9885449580670642
0.9923482993997232
0.9776397402704787
0.9916691571590921
0.8101454225175525
0.7846882768846135
0.9643383412847049
0.9134706572940986
0.9995915567917055
0.9952984056333593
0.9887422185944967
0.8878647723850579
0.9583675090776494
0.9889904892707665
0.9930353588316666
0.9831085261337764
0.04023589392046358
0.9927483028402466
0.9935312262513583
0.979030671952452
0.9839858317425249
0.9842939073038494
0.9786247713687956
0.9914377426053054
0.9530550530744349
0.979421428814365
0.9633593314597647
0.9858864544211577
0.9856109465180845
0.9810844491319097
0.9880183017647369
0.9867955452424246
0.9764835407921969
0.9914589161093781
0.9906286858345077
0.9886738516008742
0.9531529428549627
0.9936458028415012
0.9703045823832633
0.3102993237618543
0.9983318607184133
0.9790345492364587
0.9972868797123479
0.995794465617158
0.9930453696754772
0.4345651479056551
0.9814683240047607
0.9948722737466813
0.9114516399928861
0.9648377126050706
0.9966297004089375
0.9939042385420193
0.9852218216289539
0.9566311216834543
0.928570207748133
0.9990954979897617
0.9989129159801378
0.9987823222341946
0.9995318412763391
0.987967919013698
0.9857241723941301
0.9981646341945121
0.9875754556456903
0.9964742876541284
0.9881961248645976
0.9938112644923012
0.4457409237488363
0.992621174452416
0.9423435056063113
0.9929312260953972
0.9919963362109718
0.9921210335200535
0.9759955439681235
0.9944921295691344
0.8041829419005928
0.9918519180266211
0.9963282014992767
0.8043061036892684
0.9946419039890488
0.9192656022357879
0.9461615425536183
0.9841473483455757
4.037639871469355e-05
0.002655421504708232
0.002871193227678937
0.0007595545244273171
0.000721015403882937
0.0001508330765819705
0.005769819742146349
0.0002787821731096249
0.002099357361290808
0.0001673930119754139
0.01535357539719527
0.001178469679366658
0.04243555917404756
0.03456845549697784
0.001205974506915842
0.0002199132132568418
0.001499550643591941
0.0005559592118333098
0.001744860209259792
0.0001667501829837374
0.000975475041572111
9.623321987347462e-05
0.01597579417963932
0.7251782707627192
0.005292026341133009
0.01694552939559217
0.01307599488746414
0.0006618771958718087
0.01046122497995762
0.0007259615392736385
0.007433268065881115
0.0002127035153386365
0.001069265965398917
0.04649573178808938
0.03050330516165704
0.002103214205908869
0.0002271044854167309
4.297309905617721e-05
0.2010886603439923
0.004480524822251377
0.00327367989126893
0.004422119367519579
7.859488812965093e-05
0.0111504736826386
0.009845969615784851
0.000122632136316953
0.0004408224681618422
0.01395348333249813
0.02649288922923708
0.00225826819887984
7.049927333213651e-05
0.0003343474696428016
0.006032881413448787
0.015514930454639
0.01201856938952964
0.002122684062210583
0.002884407929458225
0.0008639895455662568
0.003277007954278054
0.01487741301740448
0.01918603401890705
0.00752359578127036
0.0007198271277744787
0.001883344950289322
0.007195688351631428
0.003513726476286473
0.0006625215555243199
0.0002186924229443127
6.404981888200116e-05
0.001747213330872227
0.004332312947521459
0.001600762645105503
0.000337238989156884
0.0009896131439428176
0.0002795663359503054
0.0003598836190099846
0.009305222497999843
0.2358136310776514
0.002390251438291928
0.00370754531544987
2.645659334937891e-05
0.0004586667395693272
0.0009501688371091362
0.002374767689114583
0.00121600727917006
1.845161216770685e-08
0.0006275178374292789
0.002041685834251749
4.28992180250512e-05
5.346731783877098e-05
5.500352075738252e-05
0.008748200442509672
0.007522757243476067
0.001671055931604321
0.005726938411845571
0.001344231332472177
0.0007056807759662294
5.148169344224238e-05
0.0003276439598923928
7.639655757981844e-05
3.992831049589476e-05
4.956877618512876e-05
6.524505020657356e-05
0.009280410652412675
0.00365203368950937
0.003351676618760342
0.0001413147207183069
0.005915470772361229
0.004254657077186816
0.001137877292777626
1.571016316794803e-07
0.0001813151625312115
0.0001209902525208917
0.001644468502104115
0.001539603684251793
0.002699454519963381
0.002257953313701341
0.0009832177144234898
7.807233815704915e-05
0.0006165121316486878
0.00101925967619241
0.0002910861893226693
0.0003743146335472808
0.003160289812856481
4.037639871469355e-05
0.002655421504708232
0.002871193227678937
0.0007595545244273171
0.000721015403882937
0.0001508330765819705
0.005769819742146349
0.0002787821731096249
0.002099357361290808
0.0001673930119754139
0.01535357539719527
0.001178469679366658
0.04243555917404756
0.03456845549697784
0.001205974506915842
0.0002199132132568418
0.001499550643591941
0.0005559592118333098
0.001744860209259792
0.0001667501829837374
0.000975475041572111
9.623321987347462e-05
0.01597579417963932
0.7251782707627192
0.005292026341133009
0.01694552939559217
0.01307599488746414
0.0006618771958718087
0.01046122497995762
0.0007259615392736385
0.007433268065881115
0.0002127035153386365
0.001069265965398917
0.04649573178808938
0.03050330516165704
0.002103214205908869
0.0002271044854167309
4.297309905617721e-05
0.2010886603439923
0.004480524822251377
0.00327367989126893
0.004422119367519579
7.859488812965093e-05
0.0111504736826386
0.009845969615784851
0.000122632136316953
0.0004408224681618422
0.01395348333249813
0.02649288922923708
0.00225826819887984
7.049927333213651e-05
0.0003343474696428016
0.006032881413448787
0.015514930454639
0.01201856938952964
0.002122684062210583
0.002884407929458225
0.0008639895455662568
0.003277007954278054
0.01487741301740448
0.01918603401890705
0.00752359578127036
0.0007198271277744787
0.001883344950289322
0.007195688351631428
0.003513726476286473
0.0006625215555243199
0.0002186924229443127
6.404981888200116e-05
0.001747213330872227
0.004332312947521459
0.001600762645105503
0.000337238989156884
0.0009896131439428176
0.0002795663359503054
0.0003598836190099846
0.009305222497999843
0.2358136310776514
0.002390251438291928
0.00370754531544987
2.645659334937891e-05
0.0004586667395693272
0.0009501688371091362
0.002374767689114583
0.00121600727917006
1.845161216770685e-08
0.0006275178374292789
0.002041685834251749
4.28992180250512e-05
5.346731783877098e-05
5.500352075738252e-05
0.008748200442509672
0.007522757243476067
0.001671055931604321
0.005726938411845571
0.001344231332472177
0.0007056807759662294
5.148169344224238e-05
0.0003276439598923928
7.639655757981844e-05
3.992831049589476e-05
4.956877618512876e-05
6.524505020657356e-05
0.009280410652412675
0.00365203368950937
0.003351676618760342
0.0001413147207183069
0.005915470772361229
0.004254657077186816
0.001137877292777626
1.571016316794803e-07
0.0001813151625312115
0.0001209902525208917
0.001644468502104115
0.001539603684251793
0.002699454519963381
0.002257953313701341
0.0009832177144234898
7.807233815704915e-05
0.0006165121316486878
0.00101925967619241
0.0002910861893226693
0.0003743146335472808
0.003160289812856481
0.004507889817141748
0.4226219418555351
0.1766817864265634
0.01823067451084642
0.001797701953253094
0.001998610430996256
0.4624731984491291
0.0532648990515184
0.0005957979305959392
0.001484476244319256
0.00673570687663229
9.098092703337948e-05
7.286919392756419e-05
0.0001085594260525316
0.210824995219538
0.002393424166123245
0.02933815665572753
0.002015724253362148
0.0254148243988737
0.0024505576823437
0.02863088386472709
0.3836372131758103
0.481572213212071
0.001569644092299977
0.0005841944516080063
0.00367997434847357
0.003167466608680864
0.001344611250487328
0.007462774714314765
0.004510422172223786
0.003591110546016232
0.1647590772320307
0.1171649635294386
0.06540302169956949
0.01090951214644567
0.0004712250313716091
0.002056423905711887
0.1259663105862956
0.0004755088467597737
0.006192960267749911
6.795270792527607e-05
0.0110378954145279
0.01237771474182047
0.007255115351931533
0.0007702780483749152
0.001014846276716658
0.06433248862892232
0.002787149207152173
0.05128469598150227
0.02356065202920122
2.341697846498419e-05
0.001604026997085567
0.001852105325067897
0.002018056391015277
0.0007432323972906432
0.001237671034018285
0.00347626790289331
0.0001554463325506862
0.0008825288342473903
7.987110854608305e-05
0.0001813829335840702
0.001802003168965311
0.03676459208005253
0.002095716537265398
0.1290498029625841
0.001206508480202865
0.01454670195306188
0.001390651445110472
0.006680040364146243
0.0008336361919433623
0.001090508689771241
0.003169512719584616
0.001708780102397064
0.002494246086132561
0.01223160802650366
0.01744813318463288
0.000501681152843135
0.005457677772775605
0.02960146828135989
0.0008831686599759939
0.1593460995646575
0.0003816124334693333
0.07150154855250038
0.00325630922187164
0.0002536006554091452
0.000427476852048683
0.02448524332001705
0.0005323652199140498
0.001141199951610537
0.004511800059613232
0.002005473229530102
0.0002649720674664741
0.0004676309139494378
0.004488630127925228
0.001441965123947166
0.001546206647694708
0.002252084162549421
0.000701444429009664
0.0002917323159860691
0.0008190567237400552
0.0005272677570594751
8.758880368472543e-05
0.003431782260054604
0.0009280791289620833
0.002000695548469422
0.006411653883425675
0.0002566022410672676
0.002384488222817812
0.004012084656289792
0.0004803201304013611
0.0007830292642024594
0.002971838868190919
0.0002397368023325907
0.0006318541036712346
0.002581277728658476
0.001922968315726501
0.000118625605946924
0.0003049788743573778
0.003982088088189274
0.002678587023168764
0.02322266711903845
0.05006272104166748
0.009601388141878175
0.02996533186386578
0.08468444073817603
0.006277366135569424
0.0002744574509476682
0.006059050240136635
0.006753878740823834
0.019644802888942
0.00183588418348372
8.919641327016272e-05
0.001055272202248082
0.001145139846036493
0.006195931307063392
0.0002350890232887413
0.05900806721857266
0.002952417526061566
0.03841106908545556
0.005865744079648046
0.00444241229323143
0.0009268046082651286
0.00845566281559112
0.007138943819171554
0.0006850107557395428
0.03728464430007582
0.0003639414973549779
0.0008355545098865828
0.1138862160675463
0.00654076581044809
0.003341300168448775
0.0001666422525869809
0.06724419185958325
0.002347214783113484
0.001263936743484182
0.00209396166677595
0.0001582194802250328
0.002206410025133026
0.002144003044090836
0.001220558790601272
0.002351068756680831
0.007098911207080713
0.004817568913401411
0.01498301562350614
0.0007875434792280699
0.004924106115651371
0.001013688808310887
0.005320975097177244
0.001552463331274675
0.004018148552142911
0.0005477547739548192
0.008352317411910838
0.0002233242928993949
0.0006132450855367113
0.03230003393084826
6.501411218100416e-05
0.009387094718028552
0.08724872258326621
0.003713417676930394
0.09745490055152897
0.01142896982279618
0.003367435119617276
0.001620639905967979
0.003974795141664214
0.000997850143308685
0.0001737768458200164
0.007487934409169643
0.005226680364657923
0.0001118911731375926
0.0001013609543008002
0.0004856378103388335
0.009461651552038118
0.0008773181449195744
0.002019308387777479
0.005399399693817267
0.007813067236254365
0.0005208782434374689
0.001783949174704629
0.0009332678113092
0.08301980243407125
0.001395965226964731
0.003358484317452072
0.00106177541877154
0.0003118749010485461
0.001222466835879191
0.006939774155971115
0.004777753943073207
0.0003747245988314888
0.003865781133655481
0.001415628194553431
0.0001978337600341277
0.0001953983483987687
0.01028621055685095
0.009577878546740127
1.32528591215003e-05
0.001368428090393283
0.0008974936148986275
0.0004657592291541905
0.001093654553901364
1.936000505318926e-06
0.001527718394709954
0.06695166125746574
0.001220251853399715
0.00123442876373876
0.004470672123142746
2.377444909789117e-05
0.00178939764305187
0.001718618737631247
0.0001675035618489147
0.006685338178726507
0.001264329078574728
0.001053917096691073
0.0005614685957992046
0.0003806728638223021
0.002056733408075394
0.004349687468169964
0.01741809388559113
9.500972469474254e-05
0.0006864097901212692
0.0006168939054627798
0.001984781206379552
0.0008721471518210676
0.006389622178027994
0.316049959220915
0.002042651277167515
0.0001352519475104998
0.0001236569994479394
0.01460014069347326
0.0004289481216268068
0.05054314084718347
0.003989463785304989
0.00172402344205064
8.016899085709494e-05
0.002107017794747511
0.001932103797236754
1.322839198269776e-05
0.3168205634840468
0.2447921767609421
0.00440418061723419
0.1672778875469341
0.007496848207431188
0.0001224630129469574
0.1358876395002245
0.2112019265348284
0.001604021141702325
0.0006602534099775303
0.0001804311956359994
6.534484031404409e-05
0.06991850519616899
0.001175095949838971
5.431087754405182e-05
0.003433011329542301
0.0009380889022539791
0.0002437054140557673
0.0006196407706814315
4.143352211506151e-05
0.0003583465481651238
6.038630995688293e-05
0.003636499252281069
0.002895734908752366
0.0121511480954455
0.01553048258053549
8.159459647602452e-05
0.0006215506018954957
0.0157803129294325
7.25211681677704e-05
0.0004391434562103267
0.0161879287744235
0.00057962870698768
0.02835513828594904
0.01272360685131597
0.0009368667863289256
0.00484196538048068
0.02339999160323368
0.008640849969405817
8.607914960850451e-05
0.00204481923698905
0.006093996324152301
0.03251203306047101
0.0003669426744624842
0.005882865232628772
0.003149565613053303
0.004164200290745433
0.05825223624055354
0.0002895883020905661
0.000989415514505982
0.01082376168552785
0.003459428276876859
0.00899023747734748
0.004042477966168795
0.002160837756396602
4.848114656490177e-05
0.000124784731285876
0.00417886452535517
0.001131407159452821
0.0002048817706004306
0.00410185316535268
9.220402923552e-05
0.002000730395265299
7.063087164859493e-05
0.001250001782216255
0.006795447039790749
6.744487258131553e-05
0.001286250354535152
0.01584877193974499
0.002289989708603061
0.003553735122970488
0.005433416894843356
0.0003759451590521156
0.0003228512333426347
0.003147357406449536
0.0001935811076593343
0.01627600496467935
0.001283442620074935
0.01240094292061459
0.01056635486619011
0.01908130399965524
0.001872020588693898
0.02123639982223532
0.006685854796392818
0.000103570193650155
0.0002020524847083785
0.003186265931943619
0.005996330105345766
1.997325372691419e-05
0.005912192431818364
0.003737661280565319
0.0005829717430569076
0.007519917547887518
0.0003700131911993395
5.554856265838888e-05
3.735114989994839e-05
0.0001920888111139246
0.002774178333511503
0.004934988261693129
0.0008097204080649391
0.0004236142765242064
0.03659208608050587
0.03675465502793657
0.0004199150579186961
0.0008363092435376414
0.01326455313594575
0.1205187621165126
0.02130191745428809
0.0001317938674812315
0.001300749289588454
0.04377195804463891
0.01205758405276562
9.850499983248699e-05
0.002932730471764233
0.0001020185758648993
0.005356752246417149
0.03931219140591118
0.008049037137628794
0.03181510079644239
0.03602201189251998
0.01278853997363888
0.001820057442844259
0.001976629532255259
0.09878430447321658
0.3091615612934596
0.007759050388260489
0.005908672691561718
0.000309405005208452
0.001735015929584986
0.0003848861335144543
0.006512684744332911
0.0001932850421134743
2.979192054225541e-05
0.004569749135769195
0.002504532222658413
0.0004606349884743815
0.004033786913918883
0.001929931419959442
0.02773276353072339
0.02628662496168319
0.02140273652613237
0.03118321976261855
0.009697424259758109
0.004456649699279279
0.004480151680492504
0.002193842411963232
0.00327415470237174
0.002102901368733269
9.69185656637466e-05
0.001954286253153596
0.005708161833430671
0.01032688330972507
5.566795901795361e-05
1.656707674491213e-08
0.002336366467272668
0.001326536590060555
0.0002999452780617766
0.000429787533610289
0.01658164867075337
0.006935888734497493
0.00479327236474849
0.0001717826591561678
4.823156368332379e-05
0.003194536570099204
0.0002908930189734767
0.007240509075779655
0.001478627810279692
2.292489131475068e-07
0.00063018213007537
0.004231916273731384
0.3681018965301168
0.0001094777428966318
0.01978983378179906
0.01844633909404398
0.01783854946224681
0.000790427549086964
8.630654517937774e-05
0.0006194490371314989
0.0004144961837009546
0.001685758586619462
0.005546432882898206
0.001762116778957023
0.006236506553319101
0.001544962019552519
0.004765138866944527
0.001005073193136772
0.0004704825532302275
0.001122656471207908
0.007695726615862584
0.0001693769744793577
0.005083207645655499
7.035800797764211e-05
0.001391737556731219
0.009705083137723886
0.00491559238575494
0.002504197823497645
9.883191712444624e-05
0.01733583899264304
0.0007717635535352258
0.003140342694193679
0.01126784596207311
0.03768761561424158
0.0006522552103809
0.002329531098427112
3.190105428789751e-05
0.06364109709761628
0.0004424201831873665
9.822314947472231e-06
0.06977548994211884
0.03768761561424158
0.0006522552103809
0.002329531098427112
3.190105428789751e-05
0.06364109709761628
0.0004424201831873665
9.822314947472231e-06
0.06977548994211884
0.00203591902578569
0.1120641740349558
0.0003732467632635773
0.001201531880763826
0.0007238029257707051
7.635261088130858e-05
7.666333867127628e-06
0.001463008591643584
0.0006603424485002222
0.001224189583852618
0.4357738992891138
0.0001281836379949713
4.494445465147505e-06
2.105155200496575e-05
0.0004599176942108961
0.008487094135976448
0.0003649215652532618
0.000376306572947474
0.001388632681769284
0.008550520316728632
0.001857882563017594
0.05152639670041725
0.05247335148157978
0.0001458942797229697
0.002889175780745689
0.000157753078096906
0.0001857986683387364
0.01649703646592813
0.00043539979314826
0.0004075924482872165
0.01697487045925805
5.467644516250877e-05
0.027015118536666
5.583396122179092e-05
0.00383984971687725
0.01066143389214352
0.01125475893437995
0.02283118153741661
0.2055083671061118
0.01032973708535448
0.0002733593351000802
0.07730429007332684
0.01561358956703601
0.01582140090557289
0.005720293167987029
1.239555425730112e-05
0.007223733269890273
0.01034313629416274
0.2075099311263709
0.01176295110577915
0.008217405492009965
0.007991508896133823
0.002841205269595006
0.002669308435394132
0.001044217517114825
0.02922595839150037
5.583396122179092e-05
0.00383984971687725
0.01066143389214352
0.01125475893437995
0.02283118153741661
0.2055083671061118
0.01032973708535448
0.0002733593351000802
0.07730429007332684
0.01561358956703601
0.01582140090557289
0.005720293167987029
1.239555425730112e-05
0.007223733269890273
0.01034313629416274
0.2075099311263709
0.01176295110577915
0.008217405492009965
0.007991508896133823
0.002841205269595006
0.002669308435394132
0.001044217517114825
0.02922595839150037
0.001267692827097468
0.03950946812537436
0.02384360509906928
0.03346682046566345
0.003645051205923832
5.493984215783439e-07
0.009372594293652033
0.01377875599308112
0.03367767366483893
0.0431038170044218
0.1257051579220758
0.02615799831491333
0.004076767262288323
0.0004110053060128155
0.0001259114837115564
0.02701269012410487
0.01441647818713414
0.04219850651218503
0.02397113110564585
0.01786980791834214
0.03557211690496409
0.0334840431897041
0.0005647648704982166
0.01678791274431432
0.03589277715782506
0.01338393656024191
0.01316779862383707
0.0005413137565158353
0.04481305275207968
0.01659700997679854
0.004919456809075831
0.000982014787785335
0.00917476571946745
0.0002594312132966637
0.02742633180386508
0.09007882264837092
0.00318559043459552
0.008084067192238838
0.002191083899351658
0.01762367331868658
0.01460160057855293
0.009421599851898268
0.002820373264436968
0.01420407235732596
2.997426281227762e-05
0.004223878414310765
0.0002172627568383115
1.640627082314877e-05
0.05595084305072004
0.02819491509630524
0.0005527974922132402
0.00232628402734887
0.003045047520443497
0.005711402100227591
0.006150933985701825
0.004778998131172896
6.592370294315266e-05
0.006339116635428851
0.001622014639917338
0.0004626469449831149
0.003701227705992014
0.001430972015728716
0.007398426895382344
0.03200427833925523
0.006663156645349491
0.01872235488739519
0.002940408827224991
0.05592661233847918
0.0006483161751688793
0.02324417191490694
0.02583816913164393
0.02073700865876411
0.02291672273187949
0.00574875022772805
0.008267970538242854
0.01504529311903238
0.0001543406830092642
1.031913393002182e-05
0.02170665153691216
0.1970431649783155
0.003882334572107744
0.005150295334686429
0.008107630253551896
0.0001534482208705124
0.001015356138532806
7.78801403593493e-05
0.0005221216108085046
0.0003060898857652267
0.01621312075755905
0.005239757988903651
0.005135955112428325
0.00506519886189235
0.2164200038243723
0.002602082295289703
0.002224948956131254
0.01515700970072884
0.001015356138532806
7.78801403593493e-05
0.0005221216108085046
0.0003060898857652267
0.01621312075755905
0.005239757988903651
0.005135955112428325
0.00506519886189235
0.2164200038243723
0.002602082295289703
0.002224948956131254
0.01515700970072884
0.1621984390686199
0.0008875648126970897
0.01336515798631299
0.006329227320401739
0.0003601207305797006
0.325510737199705
0.0006069057817024256
0.2732113906787654
0.02188529530672753
0.01080990175358038
1.460260709743861e-05
4.262599180821486e-05
0.001890831938934749
4.85449280956651e-05
0.00511156782925302
0.001640059074004023
0.07205724356822937
0.008887530478752662
0.001507798289706932
0.1112648801637182
0.007166975139346932
0.00138835086988808
0.000941066223096644
0.02168917447426726
0.03230524172704233
0.0009837903526929547
0.000528993957322521
0.01306469871025689
0.003186113669040223
3.338652742707815e-07
0.2945189781832934
0.002720765804424609
0.02263688015988046
0.00241970326868983
0.0013915932564911
0.01397682907118133
0.001040372766210409
0.02235581945883946
0.05969352765453858
0.007942978598750292
0.007768625848834284
0.04202648464414196
0.01820873890611513
0.001997679510014608
0.006599725674402479
0.04354664214641605
0.1891060122328893
0.0005110052158858935
0.0003508822519680547
0.001318290697799237
0.03945293475537155
0.09155606805445525
0.07396021444877264
6.629719298339725e-05
0.001494146669471963
0.05709991942799274
0.001569374111279375
0.0001442333932272562
0.01210450159064463
0.003038119982330929
3.980959312471801e-08
0.009003103378647808
0.00368984781834769
0.04244805808924719
0.009148714933526642
0.001137752615258082
0.02306496387437942
0.01940803135082579
6.291857059518359e-05
0.004593949475693558
0.01643329684768603
0.013170946814574
0.001987152452536333
0.04159670278130921
0.0003796133705997022
0.02244639592619658
0.01940803135082579
6.291857059518359e-05
0.004593949475693558
0.01643329684768603
0.013170946814574
0.001987152452536333
0.04159670278130921
0.0003796133705997022
0.02244639592619658
0.05996670925144634
0.0001277163851811989
0.0002871564094288809
0.003099592116713411
0.09093547174775965
0.002079447422661812
0.03634395271901252
0.06292245800473598
0.09941196779444494
0.01410760978602155
0.001657613993916809
0.2441297520079467
0.07973663861354384
9.445878073313078e-05
0.00904169611503171
0.0008137966720298219
0.02062827840836251
0.0001379814175505552
0.006193545442836452
0.02429815888653108
0.002238263447703886
0.5858518708092294
0.02476137887766097
0.01913375015056244
0.2686487550674134
6.387222562656944e-05
0.0042923292332388
0.0216497847016055
0.02498853764604569
0.005778504373393955
0.04223594921785698
0.1560239835128475
0.01167517599022236
0.03382116843813148
7.101924691582265e-05
0.02239188775570952
0.5959462144729978
0.0002176668201053108
0.0004633488598842788
0.0002645066301922448
0.01090463147949047
0.0002511663238772862
0.006603756679953846
0.2284902287810543
2.42468935299581e-05
0.0001119149575798201
0.02896168428918225
0.0001103268975313898
0.0002429915023503927
0.01855884335383686
0.005152105248645142
0.01223643387117278
0.04587977238101869
0.01836407769118061
0.05886978234249932
0.04714788071196706
0.001605622658947879
0.00968787571778206
0.001542196892614686
0.0001119149575798201
0.02896168428918225
0.0001103268975313898
0.0002429915023503927
0.01855884335383686
0.005152105248645142
0.01223643387117278
0.04587977238101869
0.01836407769118061
0.05886978234249932
0.04714788071196706
0.001605622658947879
0.00968787571778206
0.001542196892614686
0.01495986459188242
0.007485058680863915
0.005000042721587238
0.02275401477822586
0.01893999606753215
0.001077133372784051
0.01462432539608929
0.0108395637166259
0.01423261292663736
0.0156426864147237
0.05796915298723259
0.0003012655252731368
0.02382331179850333
0.003919802223964891
0.01465910483743673
0.04589052170144543
0.05772684819092173
0.0002994954882525692
0.01277624937827411
0.08622515684520166
0.01514105836300568
0.04350622095452528
0.191907979105609
0.04204604165592059
0.01778787609752279
0.01273607413116058
0.02288200002977697
0.027658600440261
0.009501393391609424
0.02011392770598734
0.02891472512929626
0.01738906854637335
0.02488677863957968
0.01241456266111226
0.00662934017719306
0.02338137229284999
0.02260750661307644
0.009146271201890785
0.01559773136384567
0.009228817230369259
0.2653818055608119
0.006404005664027347
0.006961600456815731
0.006948064859008319
0.003548698819950766
0.001599419604909415
0.01816241830852335
0.4866665817759326
0.02881772217579265
0.0003799391162145783
0.00214153466287054
0.006629280255153019
0.01443933358189862
0.1125314486154911
8.906170783811228e-05
1.13924714823586e-05
0.002648842274236923
0.01443806994053668
0.001093509774377817
0.01687200050061488
0.0001247664526356689
0.00532746008103681
0.02288539862189486
0.01598408875796041
0.05087978656859417
0.05557812727588864
0.01837266765369642
0.03858326650337685
0.02147089786535239
0.01610086628026261
0.006100753895128094
0.006258182854673503
0.01302963702685772
0.001608332565258695
0.02000226420874004
0.01052430295598927
0.000199215767414748
0.004749671850920056
0.03354388505738501
0.001700706204168317
0.01854989950032949
0.001032840846518636
0.01251756862470014
0.03426339751305836
0.0373038860927238
0.0007660966139815579
0.002961349466332963
0.0004199606576070837
0.01098431788312996
0.0007764645271610877
0.01471212966654469
0.0003260489556761062
0.001251482574319324
0.001424577460388627
0.001441733306057039
0.001826504855293469
0.0003381507891085833
0.01657333943410755
0.00920343165197846
0.008913410206856265
0.02783928055199527
0.0007225893666199951
0.001465838495217343
0.001578764430996598
0.000549633535614689
0.003528103017719727
0.0171971688477201
0.0005684347600864813
0.001548414207792196
3.037881282102651e-05
0.00325156020352418
3.677800600226401e-05
0.006809890780211653
0.0111421522143002
8.423403109316645e-05
0.002158503724165796
0.01282444694019716
0.003013409527786299
0.004722963408517553
0.01090894511512417
0.00998686231925036
0.001626836615504917
0.00822099899154558
0.0002184435888772789
0.007481332142481976
0.005377491601699623
0.004992901077417459
0.002580499836829735
0.00778190282074705
0.001632932854493364
0.0002794174573334825
0.001149674282040229
0.001246849422011884
0.003903329940854369
0.002653589559704083
0.0001428512729186156
2.168628888210753e-05
0.01804250222715417
0.001520062031396384
0.0008928993999961739
0.002797007451483136
0.007011645875745568
0.0001104553123126073
8.763960397298169e-05
0.001072412050011751
0.005969150601963606
0.005806838874973249
0.007551638925987582
0.01302963702685772
0.001608332565258695
0.02000226420874004
0.01052430295598927
0.000199215767414748
0.004749671850920056
0.03354388505738501
0.001700706204168317
0.01854989950032949
0.001032840846518636
0.01251756862470014
0.03426339751305836
0.0373038860927238
0.0007660966139815579
0.002961349466332963
0.0004199606576070837
0.01098431788312996
0.0007764645271610877
0.01471212966654469
0.0003260489556761062
0.001251482574319324
0.001424577460388627
0.001441733306057039
0.001826504855293469
0.0003381507891085833
0.01657333943410755
0.00920343165197846
0.008913410206856265
0.02783928055199527
0.0007225893666199951
0.001465838495217343
0.001578764430996598
0.000549633535614689
0.003528103017719727
0.0171971688477201
0.0005684347600864813
0.001548414207792196
3.037881282102651e-05
0.00325156020352418
3.677800600226401e-05
0.006809890780211653
0.0111421522143002
8.423403109316645e-05
0.002158503724165796
0.01282444694019716
0.003013409527786299
0.004722963408517553
0.01090894511512417
0.00998686231925036
0.001626836615504917
0.00822099899154558
0.0002184435888772789
0.007481332142481976
0.005377491601699623
0.004992901077417459
0.002580499836829735
0.00778190282074705
0.001632932854493364
0.0002794174573334825
0.001149674282040229
0.001246849422011884
0.003903329940854369
0.002653589559704083
0.0001428512729186156
2.168628888210753e-05
0.01804250222715417
0.001520062031396384
0.0008928993999961739
0.002797007451483136
0.007011645875745568
0.0001104553123126073
8.763960397298169e-05
0.001072412050011751
0.005969150601963606
0.005806838874973249
0.007551638925987582
0.000101477830334155
9.125399976279988e-05
0.0005325761019884913
8.699665198599729e-05
0.08070237032075937
0.001805773596854478
0.07790387797990554
0.002594688393832691
0.002648770357945794
0.008137354772999778
0.003328630064637711
0.006606165585323863
0.003200987482260649
0.004800353995412163
0.000342476592662938
0.0003363193294083122
0.001447720604716522
0.0005495399434602874
0.005952232913365623
0.0006891922378787144
0.001451820466576672
0.002488706134990238
0.0003745864661412509
0.005482948291921234
0.03818160433292775
0.006876627712599521
0.0003880166470547358
0.007631026752483693
0.005225067996099274
0.008648766745967987
0.001413647706762769
0.00656356355620114
0.01441159158664325
0.003383725532692084
0.003030897454992843
0.003006689510891077
0.01721444958068685
0.001190168328944486
0.001361257409031535
0.001374915283108549
0.003989337196075415
0.00270800050631008
0.002332900722776575
0.004885659268670605
0.0003804988984624877
0.00361031413612217
0.0004996279899819196
0.00281438275012048
0.005520789163351547
0.00538910972301198
0.002289595703280534
0.03177809364687221
0.003609019477556726
0.00736901668640392
0.001756401610235758
0.0008997694451227785
0.004419052533076794
0.006677997856705029
0.06075296984972817
0.007348525000160698
0.002849097143827432
0.002402116295934164
0.004044420815174805
0.01418759719231203
0.005327524758653899
0.009662834961035514
0.007247344218557135
0.0009716346324247753
0.009382219044385963
0.02075632330503233
0.004182721978431047
0.03671591659949469
0.003152397553799959
0.001759065710035505
0.001523703748308427
0.01335328362812203
0.000357743182628839
0.007326855846407819
0.01105274883520341
0.0001211756063938206
0.002755993600460198
0.005034435525480791
0.006824213492789115
0.0005651952051451194
0.004826174923823517
0.01623272828037235
0.06826407061955476
0.003203404177517028
0.01682813489676946
0.03140365072587388
0.01495221408219761
0.004784870927579508
0.003750308414571777
0.002078067280217133
0.01269806395250993
0.003735903216679884
0.0004313013912822007
0.002587104570531705
0.02043649062101973
0.0002989247559424882
0.0002261868371090393
0.01138506844121197
0.008748498997033536
0.0107710651706963
0.006750848959697513
0.000221485632730375
0.009749300372141959
0.003729474816251303
0.001300526524134023
6.304838025779704e-05
0.001308579677260355
0.00935454014342988
0.1141742813801888
0.0181727041674616
0.00601853083121728
0.001946893099818689
0.006001211260826271
0.0005449845434161095
0.03928708516097847
0.002154096078075838
0.003799249808446166
0.02915696434617233
0.03152612583695425
0.0009956372116215742
0.01322023703346279
0.002821029262201773
0.003433813326482286
0.0002965192657586654
0.01131001867860989
0.002178716163602872
0.00850016778174902
0.01123735143369269
0.0007835462442334631
0.003124890047317997
0.001376403275088326
0.003987333560382285
0.01703466218950282
0.0161002172779683
0.1572760759312253
0.04637130019944213
0.001766029254081226
0.0004368820115086346
0.05479686381057562
0.00212989420960537
0.001803246600125486
0.001944774488750804
1.007716411465846e-11
0.001886553455895579
0.00192782827868672
0.00631006782712477
0.003105756175072838
0.001690836504662442
0.0001968578990045213
0.005122809118904971
0.0006698881528762394
0.001235408730795256
0.1623828384247908
0.0004047672785444089
0.0004008936416088078
0.0005687132046702697
0.0005765905160392392
0.002653741943397339
0.001480652977778648
0.006853608432820938
0.001067525202037223
0.002060013395489787
0.0008209568002964296
0.02369732486222911
0.007009497537291447
0.0001559140157981531
0.001278665903973967
0.002805735680600763
0.0002459445195554483
0.0007647941661616189
0.002162605753100891
0.004510205224737569
0.0006314543052370158
0.001933901066737987
0.009815690454666107
0.0002715921286097652
6.161868049901889e-13
0.0001883827001699858
0.0003763578116082753
0.002903260572199071
0.0003451247746127303
0.0008601733906500236
0.003281916180624499
0.001322938405069676
4.697971257610701e-05
6.396166360380139e-05
0.00517217716705516
0.006993098639680672
0.002500006695982495
0.1894195531653487
0.01867456906966749
0.07613055926935723
0.0004360659744219447
1.905810027025847e-05
0.0008922188436716318
0.00537750897586617
0.001783533158176002
0.02902649051632058
0.005919594042489133
0.006500889889002773
0.002064649312561783
0.005538687532146988
0.003599454387034723
0.003821103596381456
0.2289142224225479
0.0001074739987837367
0.004869521373727912
0.008648538025061506
0.001767505069830399
9.403834652553034e-05
0.0009058761144287546
0.003574221582552922
0.007900077078948875
0.006509208891293849
0.0003577817789707249
0.003219668508234956
0.03990340447058274
0.0429487558497941
0.001744955046690858
0.1513592364527696
0.008760247456424746
0.0003550204043755664
0.000231624454940487
0.007068015708728639
0.000114200609311137
0.002533595472532184
0.002446844752207279
0.005286134788290371
0.05519800024349115
0.004739674035963884
0.01267288250987341
0.01127055029089675
0.0781181532504309
0.0132621049017013
0.05593763536292914
0.0008300085200196415
0.0116477219289357
3.452796321970013e-09
0.00646424445404289
0.001325134395013461
0.002418049864632964
0.000871663694744437
0.0006266487758259089
0.004493033980206214
0.0001376887178183726
0.002223857565317971
0.0006368845493382969
0.01670634195301552
0.0004942711823351638
0.01360067544555021
0.005811540936085473
0.0004147960285225061
0.001493904336804243
0.0009706614536509422
0.0006019423478594011
0.008555166503799328
0.002652870718583749
0.002453860782870161
0.002137408534857073
0.002944105751968041
0.01035364068495134
0.04279118817475866
0.001907735084949899
0.001116376661348803
0.003339309604253242
0.006730401257878353
0.002148963594139156
0.0008739921292976779
2.365917468605644e-05
0.009225475080715185
0.0005016396309881359
0.004124718385829153
0.004092680118016363
1.564405774283137e-07
0.002397117229089401
0.001035483417671243
0.1865388151398331
0.002103440204448246
3.619173104446761e-05
0.0007867774396387413
0.000350131790318364
0.06842370062336334
0.03356637540149408
0.005360375550334107
0.02170538390044761
0.002262556428688002
0.06651117841010801
0.08839517614244831
0.0007207968333680474
0.000116899349120395
1.7021205810212e-05
0.001980188010563466
0.0123533811848732
0.05866823488525013
0.001433181877758404
0.0007178627816347569
0.01321345281165618
0.008189049285163886
0.006959605981245363
0.0002705528171463712
0.01348213581713688
0.0003593867994514774
0.005659972430717191
0.001450685388086786
2.529115983471334e-05
0.01992092963042919
0.05750023545374346
0.01164350440152695
8.291017272099357e-05
0.02207329415504013
0.003337084887618771
0.01506447805241268
0.01653701061982199
0.01720483699073121
0.003499093736164143
0.009883208607912412
0.00186879263013926
0.0001794102046597651
0.0008450736911350447
0.002559604023250772
0.001906859556559404
0.0008940233496839096
0.009598166945599312
0.006131722598989027
0.01487435987808112
0.01962045799175581
0.0005797002330035094
0.0003694481967276884
0.01963012942147192
0.002453860782870161
0.002137408534857073
0.002944105751968041
0.01035364068495134
0.04279118817475866
0.001907735084949899
0.001116376661348803
0.003339309604253242
0.006730401257878353
0.002148963594139156
0.0008739921292976779
2.365917468605644e-05
0.009225475080715185
0.0005016396309881359
0.004124718385829153
0.004092680118016363
1.564405774283137e-07
0.002397117229089401
0.001035483417671243
0.1865388151398331
0.002103440204448246
3.619173104446761e-05
0.0007867774396387413
0.000350131790318364
0.06842370062336334
0.03356637540149408
0.005360375550334107
0.02170538390044761
0.002262556428688002
0.06651117841010801
0.08839517614244831
0.0007207968333680474
0.000116899349120395
1.7021205810212e-05
0.001980188010563466
0.0123533811848732
0.05866823488525013
0.001433181877758404
0.0007178627816347569
0.01321345281165618
0.008189049285163886
0.006959605981245363
0.0002705528171463712
0.01348213581713688
0.0003593867994514774
0.005659972430717191
0.001450685388086786
2.529115983471334e-05
0.01992092963042919
0.05750023545374346
0.01164350440152695
8.291017272099357e-05
0.02207329415504013
0.003337084887618771
0.01506447805241268
0.01653701061982199
0.01720483699073121
0.003499093736164143
0.009883208607912412
0.00186879263013926
0.0001794102046597651
0.0008450736911350447
0.002559604023250772
0.001906859556559404
0.0008940233496839096
0.009598166945599312
0.006131722598989027
0.01487435987808112
0.01962045799175581
0.0005797002330035094
0.0003694481967276884
0.01963012942147192
0.0007484616168223722
0.01225654483814101
0.00629366843693045
0.009438745435503848
0.02790598114673844
0.000306949992379394
0.007871819374784412
0.01070216886051837
0.001750727408003464
9.159640711391928e-06
0.001452164618187513
8.50241944196223e-05
0.03945161391664303
0.003047060236571826
0.002767127341634056
0.01372735673605105
0.01050773744390184
0.0002898495980506365
0.0007072731321229932
0.0001664448277130132
0.001002991528057494
0.01511566418313893
0.00287487893163521
0.0003195795764349986
0.03196383040214782
0.004833627136551995
0.005037883812497132
0.00356607995131347
0.1011347916351393
0.01675454452546203
3.955379382552537e-06
0.003811319707750961
0.01521303449577801
0.0001274766590080895
0.005059540107246339
0.00278016223561353
0.00687927379365137
0.0002476404780839454
0.0106153371818354
0.0007457719032398644
0.05850278148517368
0.02754011818422137
0.0007974514286976082
0.001426130777154567
0.001306859562376082
0.0169487829364522
0.02067448283037327
0.1284692605619134
0.001019160812500266
0.005629204149386808
0.002003024096645021
0.005252064459987402
0.002672998612227075
0.0001961313822563003
0.0003706206620880376
0.0002603590364575438
0.003029858568672237
0.008074775037999238
0.003154446704945081
0.0001043348969581336
0.005104909403462012
0.003101533483722584
0.003128751527224106
0.02010299577935105
0.001349851942257384
0.00507291973916715
0.00588480039845673
0.009689769535730579
0.00599696673907863
0.05095252350394706
0.000317243105313073
0.04376028728526368
0.00563316371306993
0.003929243961611288
0.002574653320442279
0.0008538494483660829
0.0002232750804948139
0.01913276307343582
0.02312053817331613
0.001832460931324548
0.01268900609754988
0.005318494587701809
0.006257488865063261
0.0005273796709673276
0.1257482525606804
0.01095005182667877
0.001830992099727661
0.05184468531784407
0.004419799801380959
0.003530621060975114
0.0009177685418486962
0.001857909057076059
0.002123859186927235
0.001384544464791229
3.009770863305492e-06
0.00561462590441832
0.01740143084348724
0.005832036467843624
0.0258479172416635
0.006252525830305184
0.001048602850013814
0.01763215911948283
0.005016750861735406
0.002261513439605049
0.0007213482639611757
0.001054825087949169
0.00129439168001982
0.01047502780391861
0.004562574620094811
0.0008752577374661864
7.63062130546097e-05
0.001136074891873851
0.0006376188873857959
0.009763422399471951
0.01960783122835669
5.474014712646304e-05
0.02724751991602591
0.001752572432905775
0.009779503365275518
0.0002624327642859334
0.009940301628651463
0.002200759525290632
0.004242755235059734
8.563168644262413e-05
0.0003033113202738002
0.004285497076742813
0.000812845893748629
0.006710734317365376
0.000294670699028904
0.005623143583227514
0.0003030207113966256
0.05758052283698592
0.0003380813984821566
0.0003681160124992882
0.004404168717034567
0.001721403000999805
0.0005305647598538234
0.0008053226595620981
1.911132480208169e-05
0.003674568791633758
0.02271538201545643
0.0004260625005289764
4.487268965275915e-05
0.01940220610548129
0.01311952220905941
0.001657657692012158
0.0001322251106343476
0.004642781531071607
0.001464080559055535
0.01123217567451368
0.001720255285271103
0.008463341957505645
0.00555480772017237
0.01201123950391061
0.006812764862729258
0.004439475369070902
0.0001414270446892647
0.005278751552463253
0.001248711315476148
0.001225225833789066
0.001108636354955579
0.002101408924051485
0.003334018756565664
0.0009234989515810488
0.0002895200568851465
0.01361463567859377
0.001198405767527808
0.005504120316255766
0.001283264603404489
0.005992753948359706
0.002780039652585811
0.01052601423408531
0.003212718171103759
0.002735792879836441
0.001251796989154044
0.004208866698591552
0.00872051736061451
0.001363880207967031
0.001630720490990497
0.0254963109554275
0.0006896023419218184
0.06640693560035364
0.004062418408061998
0.003128407383861033
0.0513500953712719
0.006773907051685194
0.001502748465083741
0.0008715472771653992
0.003464425807519691
0.002311803919657463
0.002660665650414503
0.007138577161683679
0.00743711181413875
0.0007078428052825192
1.816642797415335e-05
0.009182256035904848
0.0133433154124781
0.002853178962157166
0.004742240329966168
0.003721601488296732
9.439276111586285e-05
0.002904911635927349
0.004704584362719573
0.01921121900949784
0.001030230714907654
0.01325584123959504
1.552130682390214e-05
0.01219947762983651
0.01505420806834662
0.004074922327322098
0.05409891794809258
0.01116387321915033
0.000222926176210025
0.00302532501467122
3.927527710518905e-05
0.009565599363568354
9.180998347857038e-05
0.0005103579183824689
0.001136076667852834
0.002997079082668784
9.185323862774539e-05
2.691550245898124e-05
0.0001425049932378503
0.01090458667645646
0.006334329857157767
0.001406746368631058
3.822358855068958e-06
0.05309882216438013
0.01529416225362924
0.0003960622575643265
0.001112514701889327
1.07104875662e-05
0.003330865207875145
9.498015547527506e-05
0.0005261647840721168
0.001917336829262372
0.005810146676430572
0.01228264728975786
5.066033748162727e-05
0.003545212904228687
0.0005871506611030562
0.002556677164032848
0.00259729461097963
1.334042071555659e-05
1.633683247310126e-05
0.0189766422821442
0.003839845047479852
0.0002384351024513392
5.435084232941136e-05
0.0004627017341844543
0.002862155361635503
0.0001428987531317034
0.0001496120071402473
0.004950993725691269
0.03110344003218497
0.001997520532514407
9.675910691977655e-05
0.04646252471330543
0.0107167708724427
0.001984637020984975
0.001281991572992494
0.0355039448143871
0.0112398406724045
0.01425061622266785
0.0002722348611543732
0.001360195995012682
0.0006547796849606816
0.03724355839382171
8.888105872195092e-06
0.07796925186941646
0.01784304149402043
0.0003874669022535482
6.424356850841864e-06
0.004621135830970456
0.0004564057937241651
0.001443312055626304
0.0001244094932628097
0.01306049446188018
0.005554677456110016
0.01778578252377325
0.1542605662491731
0.1527131911330663
0.0005636716303728262
0.002004371758031315
6.965802947890814e-05
0.0004497377028741655
0.0008907221840989834
0.007307366445407639
0.0005580344256220117
5.507850801529782e-05
0.006933460353879557
0.0001908894794247674
0.001687942246826911
0.0130221469332213
4.401175894667384e-05
0.003197188552751108
0.0004956310620258647
0.005647176706779047
0.00360276776387263
0.01185082814765271
0.03258911369851251
0.001920067354013599
9.403566627815465e-05
0.1070761823846034
0.002373282058904339
0.0006769733186087175
0.0001133317833594636
0.002594870160225231
0.003251433474084776
0.001711916619670133
0.001209392100948061
0.02624620276497754
0.02257170113722882
0.008156481421389208
0.01241317471748714
0.009200646055971642
0.001726140283867963
0.05552156775906491
0.002288409709962261
0.01297172212820979
0.02832647430801754
0.0004962269818609539
0.001919916373552603
0.00877561286538899
0.0008549075328126198
0.009392996366875963
0.003018990910318865
0.001406068461444117
0.001470109964550034
0.000487921642985223
0.006070766693503913
0.02299787867367589
0.001411072091081032
1.706072234212444e-05
0.002261617941107485
0.0002623007081112895
0.009775823143799803
0.001988708516407373
0.005758912068711651
0.04485211354671851
0.000844354224606378
0.001411072091081032
1.706072234212444e-05
0.002261617941107485
0.0002623007081112895
0.009775823143799803
0.001988708516407373
0.005758912068711651
0.04485211354671851
0.000844354224606378
0.009037642463381072
0.0006185660218001412
0.2007153213125925
0.09880348091345165
0.0007420446665941035
0.004281134373006548
0.002214508696233043
0.005478858446800291
0.03858708961920641
0.002851959597892145
0.001061476002036636
0.02845570016474959
0.0698167334639676
0.0003431976139409329
0.05210006391931326
0.002110333833990773
0.06571047448911081
0.0180846696067011
0.09320632931998286
0.1593579536742502
0.01995226626535067
0.0873568480623536
0.1477466238547942
0.3398420980538885
0.02256691339861707
0.2746945818409121
0.02167693651133264
0.01235501687015911
0.1410878096653813
0.02162586838765863
3.011737866122651e-05
0.2266908344271794
0.5755086927946274
0.0009189580405353633
0.2657041509677846
0.0006213675640303401
0.01451332694117805
0.02250994967375422
0.006751352821533405
0.1593579536742502
0.01995226626535067
0.0873568480623536
0.1477466238547942
0.3398420980538885
0.02256691339861707
0.2746945818409121
0.02167693651133264
0.01235501687015911
0.1410878096653813
0.02162586838765863
3.011737866122651e-05
0.2266908344271794
0.5755086927946274
0.0009189580405353633
0.2657041509677846
0.0006213675640303401
0.01451332694117805
0.02250994967375422
0.006751352821533405
0.1778931022070273
0.8946971517821124
0.2995868539657022
0.4183478718925753
0.8464733319039849
0.02109472985955425
0.1301140691325128
0.06363034224081084
0.08438231288954558
0.006669967975417712
0.002060640174886263
0.01489990500256013
0.1023340698152473
0.05830912074968499
1.245438764781254e-05
0.1134074775341948
0.8731121791593569
0.005342464352563839
0.0001618925726099678
0.4830123891797133
0.2117387554128167
0.354141338599534
0.03505365763748608
0.4794426728919222
0.2507312783501289
0.05538142230488402
0.1708916797060598
0.6771839246857771
0.5582199282374806
0.06243678786167589
0.0004960564076068311
0.006022928914312093
0.1451802307577935
0.01276895971255748
0.06337263369785243
0.001133042891679489
0.005039532869747526
0.0003883852270191575
0.1960793512719113
0.2560333103494544
0.01283548613562409
1.929445364877427e-06
0.1231313075502602
0.03589630711485269
0.4983687504047564
0.001539227371810715
0.06108173269492103
0.008454383509931794
0.0004108963294094548
0.7642444065895388
0.001029460249004378
0.0817229174070356
0.04226839324467764
0.4187587009062951
0.01307209279107781
3.49662558300979e-08
0.001495292302894257
5.449777934821873e-06
0.0002336533853519882
0.002205462580477403
0.000580975767814821
7.329112220281483e-05
0.001346540933316698
0.005390925087171045
2.239405001420223e-08
8.321044644660782e-06
0.003849489688125921
0.002051573885039251
0.001348089739301377
0.001603917574570147
0.004041417962375365
4.676663893307346e-06
0.007026830560324988
1.141675643867791e-10
0.004186002526597662
0.0217304166931439
0.0005346009497651755
0.001029414535828827
0.002351069529999398
0.00129336332910166
1.593651331570665e-06
1.684872930975795e-09
0.004101937552844446
0.002666805738101965
0.0645961022859295
0.02963582096580993
6.044707783194788e-06
0.001498487657514079
0.0001730208800250756
1.955410936513718e-11
0.06892564438348454
0.0006981293434800204
0.004583381228484342
0.0807706752836514
1.122981610632084e-08
0.2209150624180554
0.0003298559646327773
0.07511715001768954
1.169894258580328e-05
0.002139366107359474
0.005653069562191866
5.557984892724653e-07
2.73600838455581e-09
0.001847151810343861
0.0002750039582537128
1.666684640079485e-06
3.346925424697084e-09
9.759132964985994e-06
0.01393128272992752
2.0161806393139e-05
0.01546324624179027
3.523246822280819e-07
0.001398476485098913
0.005668620144451486
2.362511135311779e-06
0.005213830688639764
1.87217313224467e-07
0.004246902440914677
5.056186160984413e-06
4.304471546655715e-07
5.62127250371931e-07
0.0002904709878242086
0.009853355554871667
3.170129813159644e-05
0.04824382412820159
0.01789042868652809
2.247406749951788e-06
1.638408622292042e-06
2.284167531905041e-05
2.089896553822947e-06
1.720143734486158e-05
1.5236893850592e-06
0.0004830905696120112
3.123654101840186e-06
2.099465627792055e-08
2.119039633332272e-05
6.95300512888278e-08
7.545570313205152e-07
0.007110919498277877
0.004533143742524029
0.0003847673854960971
8.06210771013867e-06
9.828074309078893e-07
3.196982314436318e-07
4.145041792928247e-07
2.359933398281426e-05
9.613144636110104e-05
0.03223387057488394
3.776494383627581e-06
5.306639582547679e-05
0.006267387990959656
0.0001117954395019697
1.057526224028506e-06
0.0002011691740959157
6.088157946680363e-06
0.0002798386139879756
2.02023830866306e-05
2.902327638364945e-07
0.0001813404679992418
0.04467920217512073
3.813267752016533e-06
1.362601645121366e-05
6.320994742938813e-05
0.0002217748408883391
0.3254330162241745
1.212275776611416e-05
2.509958109150776e-05
0.06539878941554476
0.153910917983837
6.821845640226153e-10
0.01233975971192267
0.0002918990036409399
0.3659209030870288
0.1783366426917058
0.0005425164300463216
2.542214377620815e-07
0.0004607889445058608
0.01202510340620844
0.03831316672053183
3.32220036363332e-07
0.01797866403660477
0.006974962791893182
0.002666464245264036
5.472964496006485e-06
0.02001944446899673
0.004475545884142784
2.42202171916983e-08
9.914431789438712e-09
0.002955844870762151
5.10032034579673e-05
5.043245808457675e-08
0.01645211302014397
0.0006532934005978696
1.612482281090432e-07
3.362373841664917e-05
0.0002680708701233534
7.892661732100746e-05
0.00210165714707238
0.002203693840338727
3.973575127916939e-08
0.003214668752120244
0.0001987367584381396
0.0001987424506134562
5.058726543033186e-05
6.346327125891064e-06
9.35418663744811e-05
0.004323761892879136
7.143074714230816e-07
4.150116949805557e-06
0.0002056514878208962
0.0004399780084631945
0.006205126068586819
0.01911649728695925
4.119944683836292e-06
1.829472114473371e-05
0.002650061682782162
0.0006925397304863078
4.073348404619211e-07
0.00115900272815723
0.001747853104027128
0.0001195262258882985
0.001633381734704121
5.882104890195602e-06
0.02060521064098418
0.000957410279659859
1.96283419041536e-08
0.05584344158587423
0.001098357860869741
0.0002326915775065966
0.002700222470339872
1.200147238642324e-05
6.258913229131819e-07
5.38205529046135e-06
3.755343501170612e-05
2.710127885340667e-06
0.0001653271828368179
0.001274838898144944
0.0002437647684381973
0.01595422623298557
0.0002152599989610862
3.117912580678081e-07
8.167426656415101e-07
0.000990714088858514
1.595198046931506e-05
0.0004684833828582809
2.69416093875676e-06
7.018491524297554e-07
0.0001361035003845418
0.002399033063505078
0.01532885661631721
0.0002707334649010346
0.002925655677315198
0.005314186040936223
0.0001371668717898663
2.976923098481049e-05
2.668793509635895e-06
4.209883320964575e-05
3.287344944190089e-05
1.651934722063641e-05
1.518786167056996e-06
0.0005257929692592697
4.408070129769607e-06
4.93709577719209e-05
0.000307555721147163
0.16688695564296
0.09864558462031935
1.579469547706295e-06
0.003206528693205883
7.41663307800596e-05
0.006016042559004281
2.745979403252193e-09
0.01311522244736274
5.363713702324976e-07
0.0002016514966522818
3.539947095027437e-06
2.446391608843371e-05
0.0276021942159154
8.580962272632121e-09
0.0004448614796880267
0.00151654208537556
2.968636648386857e-05
0.01325384408439789
0.05469666956222987
1.402549427002961e-07
4.107658655336543e-07
6.737141499344685e-05
2.431829822070471e-08
0.01661123102485139
3.214389249922831e-07
0.002716856173852614
3.415821591931493e-06
3.988503529539849e-05
6.93349391788848e-06
7.328031613292776e-06
5.847125770379365e-05
3.492254454857847e-07
3.754533433067307e-14
0.0001944809027128386
6.276413772172953e-05
4.50277976759341e-05
0.000149688705896627
6.371369695705834e-05
0.002685577205607954
3.125910911160689e-08
0.1741474561849504
0.0006140058270543087
0.0003236054078747529
5.258774841905966e-05
0.0005055015059255567
3.022518248451216e-08
2.152020851043766e-05
0.001943404845250003
5.898955340130047e-05
0.001057009559252913
5.279701887016334e-05
0.004520583419256254
0.0004908393674510108
8.34025163533349e-07
1.010266948697272e-09
0.0004043494016812633
6.292901534625359e-06
1.224948098574714e-06
0.0002311845345145348
0.0004931484397386812
0.02087039881556443
4.930879993979167e-07
0.0009422257855670771
0.1790564646520616
1.386470589095912e-08
7.039609498437365e-05
7.441015735693179e-06
3.49662558300979e-08
0.001495292302894257
5.449777934821873e-06
0.0002336533853519882
0.002205462580477403
0.000580975767814821
7.329112220281483e-05
0.001346540933316698
0.005390925087171045
2.239405001420223e-08
8.321044644660782e-06
0.003849489688125921
0.002051573885039251
0.001348089739301377
0.001603917574570147
0.004041417962375365
4.676663893307346e-06
0.007026830560324988
1.141675643867791e-10
0.004186002526597662
0.0217304166931439
0.0005346009497651755
0.001029414535828827
0.002351069529999398
0.00129336332910166
1.593651331570665e-06
1.684872930975795e-09
0.004101937552844446
0.002666805738101965
0.0645961022859295
0.02963582096580993
6.044707783194788e-06
0.001498487657514079
0.0001730208800250756
1.955410936513718e-11
0.06892564438348454
0.0006981293434800204
0.004583381228484342
0.0807706752836514
1.122981610632084e-08
0.2209150624180554
0.0003298559646327773
0.07511715001768954
1.169894258580328e-05
0.002139366107359474
0.005653069562191866
5.557984892724653e-07
2.73600838455581e-09
0.001847151810343861
0.0002750039582537128
1.666684640079485e-06
3.346925424697084e-09
9.759132964985994e-06
0.01393128272992752
2.0161806393139e-05
0.01546324624179027
3.523246822280819e-07
0.001398476485098913
0.005668620144451486
2.362511135311779e-06
0.005213830688639764
1.87217313224467e-07
0.004246902440914677
5.056186160984413e-06
4.304471546655715e-07
5.62127250371931e-07
0.0002904709878242086
0.009853355554871667
3.170129813159644e-05
0.04824382412820159
0.01789042868652809
2.247406749951788e-06
1.638408622292042e-06
2.284167531905041e-05
2.089896553822947e-06
1.720143734486158e-05
1.5236893850592e-06
0.0004830905696120112
3.123654101840186e-06
2.099465627792055e-08
2.119039633332272e-05
6.95300512888278e-08
7.545570313205152e-07
0.007110919498277877
0.004533143742524029
0.0003847673854960971
8.06210771013867e-06
9.828074309078893e-07
3.196982314436318e-07
4.145041792928247e-07
2.359933398281426e-05
9.613144636110104e-05
0.03223387057488394
3.776494383627581e-06
5.306639582547679e-05
0.006267387990959656
0.0001117954395019697
1.057526224028506e-06
0.0002011691740959157
6.088157946680363e-06
0.0002798386139879756
2.02023830866306e-05
2.902327638364945e-07
0.0001813404679992418
0.04467920217512073
3.813267752016533e-06
1.362601645121366e-05
6.320994742938813e-05
0.0002217748408883391
0.3254330162241745
1.212275776611416e-05
2.509958109150776e-05
0.06539878941554476
0.153910917983837
6.821845640226153e-10
0.01233975971192267
0.0002918990036409399
0.3659209030870288
0.1783366426917058
0.0005425164300463216
2.542214377620815e-07
0.0004607889445058608
0.01202510340620844
0.03831316672053183
3.32220036363332e-07
0.01797866403660477
0.006974962791893182
0.002666464245264036
5.472964496006485e-06
0.02001944446899673
0.004475545884142784
2.42202171916983e-08
9.914431789438712e-09
0.002955844870762151
5.10032034579673e-05
5.043245808457675e-08
0.01645211302014397
0.0006532934005978696
1.612482281090432e-07
3.362373841664917e-05
0.0002680708701233534
7.892661732100746e-05
0.00210165714707238
0.002203693840338727
3.973575127916939e-08
0.003214668752120244
0.0001987367584381396
0.0001987424506134562
5.058726543033186e-05
6.346327125891064e-06
9.35418663744811e-05
0.004323761892879136
7.143074714230816e-07
4.150116949805557e-06
0.0002056514878208962
0.0004399780084631945
0.006205126068586819
0.01911649728695925
4.119944683836292e-06
1.829472114473371e-05
0.002650061682782162
0.0006925397304863078
4.073348404619211e-07
0.00115900272815723
0.001747853104027128
0.0001195262258882985
0.001633381734704121
5.882104890195602e-06
0.02060521064098418
0.000957410279659859
1.96283419041536e-08
0.05584344158587423
0.001098357860869741
0.0002326915775065966
0.002700222470339872
1.200147238642324e-05
6.258913229131819e-07
5.38205529046135e-06
3.755343501170612e-05
2.710127885340667e-06
0.0001653271828368179
0.001274838898144944
0.0002437647684381973
0.01595422623298557
0.0002152599989610862
3.117912580678081e-07
8.167426656415101e-07
0.000990714088858514
1.595198046931506e-05
0.0004684833828582809
2.69416093875676e-06
7.018491524297554e-07
0.0001361035003845418
0.002399033063505078
0.01532885661631721
0.0002707334649010346
0.002925655677315198
0.005314186040936223
0.0001371668717898663
2.976923098481049e-05
2.668793509635895e-06
4.209883320964575e-05
3.287344944190089e-05
1.651934722063641e-05
1.518786167056996e-06
0.0005257929692592697
4.408070129769607e-06
4.93709577719209e-05
0.000307555721147163
0.16688695564296
0.09864558462031935
1.579469547706295e-06
0.003206528693205883
7.41663307800596e-05
0.006016042559004281
2.745979403252193e-09
0.01311522244736274
5.363713702324976e-07
0.0002016514966522818
3.539947095027437e-06
2.446391608843371e-05
0.0276021942159154
8.580962272632121e-09
0.0004448614796880267
0.00151654208537556
2.968636648386857e-05
0.01325384408439789
0.05469666956222987
1.402549427002961e-07
4.107658655336543e-07
6.737141499344685e-05
2.431829822070471e-08
0.01661123102485139
3.214389249922831e-07
0.002716856173852614
3.415821591931493e-06
3.988503529539849e-05
6.93349391788848e-06
7.328031613292776e-06
5.847125770379365e-05
3.492254454857847e-07
3.754533433067307e-14
0.0001944809027128386
6.276413772172953e-05
4.50277976759341e-05
0.000149688705896627
6.371369695705834e-05
0.002685577205607954
3.125910911160689e-08
0.1741474561849504
0.0006140058270543087
0.0003236054078747529
5.258774841905966e-05
0.0005055015059255567
3.022518248451216e-08
2.152020851043766e-05
0.001943404845250003
5.898955340130047e-05
0.001057009559252913
5.279701887016334e-05
0.004520583419256254
0.0004908393674510108
8.34025163533349e-07
1.010266948697272e-09
0.0004043494016812633
6.292901534625359e-06
1.224948098574714e-06
0.0002311845345145348
0.0004931484397386812
0.02087039881556443
4.930879993979167e-07
0.0009422257855670771
0.1790564646520616
1.386470589095912e-08
7.039609498437365e-05
7.441015735693179e-06
4.188820188399344e-06
2.947685394591858e-05
0.0291257445162653
3.863738822026399e-06
1.772150040927551e-07
0.0005366687874849094
1.198792822493758e-07
2.606943443793002e-06
1.534091931791094e-07
9.25037389249699e-08
0.0003832806460396223
1.986570310414905e-06
0.001586953330807692
0.0004433006263533418
0.02860011865401502
0.0006270879385129372
0.358235589867961
3.223646178834454e-05
0.01142454585145661
0.004269888992560544
1.227342619274752e-08
0.01997488324372827
3.002675817629431e-05
0.1830754150626862
7.548518659180838e-08
0.01276501658809522
0.0004804994926643102
0.002374613516699392
0.04064528973191193
2.65946364918662e-05
0.0469299275152594
0.0006390268542618863
0.001519070514831259
1.299257664459626e-05
0.0005411737452649695
3.635039380495097e-06
3.507250045228961e-05
0.002223213098485373
0.02975788727537965
0.01483795726706843
0.01604860258105379
0.0786559843757236
0.4223187250109173
0.01382847245237302
9.181712833638493e-09
0.003964672385185759
0.1525284138570929
0.1007419039394822
5.274117320578934e-07
5.153710653059363e-08
0.008277749139764324
2.641023855622227e-05
0.4334424536332743
0.0003480037634979077
0.02669514160185798
0.2854503020866747
1.994946438369793e-07
0.2213503263156048
0.0003975813676943299
1.337124233366596e-08
0.20835927454064
0.02107726857799096
1.689963643479873e-09
3.867648254660373e-09
1.001053911086317e-07
0.0081317485765511
1.141293962331194e-06
0.006825928635315327
1.10951861631248e-06
0.0003349452971840902
0.0001251570799785255
0.1373262629821565
6.795818182530876e-05
2.520443385695135e-05
0.006074654088240641
5.293188451209997e-06
1.160637856725823e-05
0.0003018953096309574
4.144030333751289e-07
0.0003914673278858107
0.0009584163327824854
0.0005788203153253137
6.823553224042436e-07
1.308302894333297e-05
1.329850624773554e-05
5.752543917166216e-06
1.819473984428043e-07
5.637218947973083e-07
8.017948077133417e-09
7.090979801678774e-06
7.475558000293048e-07
7.24305492202345e-05
0.02137690420102153
0.02389886516132489
3.92773056771255e-09
5.778128668101579e-05
1.802744393535636e-05
0.0002733873744644536
1.148600866731028e-06
6.124957097067903e-06
6.055387233488882e-07
9.123284135316533e-08
0.0004284268356572493
2.743856460919154e-05
0.01231534445642038
0.0001857315260491101
0.008194356583077354
4.130723778256506e-05
8.925706626652681e-07
0.008846013200570931
0.02791921996822943
8.519007210329287e-06
0.04261612443419282
0.0001617840995352007
8.08828891732253e-07
2.727938101271513e-05
0.002209784076003782
2.309119493745962e-07
1.902071445088419e-05
0.02351592994261376
0.001952079619911691
0.00109664198988357
0.2253675698197685
5.125084569835798e-06
0.00929680559555424
0.01917056884221979
6.573633538272655e-06
2.429268710020209e-06
2.946801895557444e-05
0.05651573579478907
0.02993567017080501
0.0005862374960315085
0.0003251478782048934
1.74777565472256e-07
0.01252672927282974
1.57860249560457e-05
0.05542317016181453
0.02470573809540896
6.073660991302913e-05
0.006585631477709937
0.0001063251895233841
4.602018086034368e-07
0.0003493513550933254
3.022346485676103e-05
0.001312701771327148
3.385179966639504e-05
1.009402412611327e-05
6.11552168507251e-06
0.0005076143796098009
0.001686812178874096
0.06694269618724913
1.465561885804265e-08
2.521838342140325e-06
0.08126497180196127
0.00163996768912242
0.0403677800385616
2.205020168138718e-05
2.60367027595553e-05
1.872826907218292e-07
8.963672135441116e-08
0.0001034876967213273
0.08014687125520477
0.002073823259039988
2.822590662212393e-05
9.663888892141773e-06
0.01084446174392212
0.03311665134165774
0.001973601472219495
2.615938930130195e-06
0.007983429067221144
0.006474383070382551
4.076718990576384e-08
0.02825047207709801
0.111242854997894
0.004677100127894341
1.395112998435486e-05
0.0001197213353918668
1.241368269965713e-07
0.0003432208158754662
0.0003508853009659377
0.005993400738975939
5.92314530112439e-06
9.087994608523245e-05
2.795241331716721e-06
0.0001600368523766309
0.002657045379233997
1.280476128219925e-08
1.352698097260251e-08
6.489673055222636e-08
0.03623205300644006
1.380635869150306e-05
3.598951828149735e-05
7.372542005739818e-09
0.00882627514926035
9.112103782946577e-09
2.500107602645098e-05
0.01434569876490694
0.001720685875549704
7.142610869075801e-06
0.0004596178250046713
9.695497472736575e-05
0.000372714406603415
7.88467689823433e-05
9.41586982740423e-08
0.01486771550637725
0.0381147199281578
1.62463943885503e-05
5.780483515003009e-05
0.001535185679200884
8.80554915992628e-06
1.379913034210873e-06
0.003065904838811027
0.0007945663536369295
0.01388135687960461
2.081347925110901e-08
1.65258203577152e-05
1.1241074489214e-07
1.788996865889126e-05
0.002369639954103495
0.001148541297336956
0.0004295381675485489
0.002197721326875804
9.578944121179157e-09
0.001935524098434175
0.00421462427200486
1.312902579151606e-07
6.279295667215022e-06
4.071541354630591e-06
1.097099778622071e-06
2.532338884331385e-06
0.0109605013255133
0.000118569848749842
0.02640183793638453
0.002536321455474617
0.0009437712139492913
6.691143267067693e-05
8.658075827727047e-05
0.05921601328999929
2.275459652576634e-09
7.988281640701874e-05
8.974744664449459e-05
5.550442616728089e-07
0.0008471723964304872
0.002973564798393305
0.0004419028028536622
0.0001472098695460422
0.1025447938606503
0.0002606329677063205
0.0008391967176051884
0.07538607109968455
0.0003952782538344306
6.235386250121677e-06
1.022193487281581e-06
5.514438973163826e-08
5.871922542228861e-08
0.0009294714167572941
0.002875901202322567
4.143239565856254e-05
0.0001511759304653319
1.102853557969987e-05
0.0007682144383925492
0.03206725205441158
3.640370291656784e-08
0.0001760327941391222
2.518074051068338e-06
4.231245960429036e-07
2.206450946576851e-09
4.641370950160713e-06
0.006921194879393191
0.07641000132782853
0.0002770832347005961
2.098148203548776e-07
2.724388491239351e-05
0.0003006897439855222
3.494073433506976e-06
0.0008300213027802111
0.0003626390241473134
9.526155596706908e-09
0.002297082448913643
1.613427903156164e-05
0.0522084275475588
2.656800245707205e-06
0.005382468314266499
5.337071193154249e-07
0.02184738393569981
3.283643486993613e-06
0.1487168105790226
0.02926588525789004
0.0002008934582341279
4.303743501133259e-05
4.335230316966192e-05
1.477982133083143e-05
0.004581351150231829
0.0004712740364414362
1.146468549459604e-05
0.1705223875804865
0.02562444893262524
9.088583368132555e-05
2.150726793150503e-05
0.002488356435734137
0.01701488114889262
1.527314402302453e-07
3.83284783105477e-10
8.920338922448858e-10
0.0106497358502239
6.021198742993448e-07
0.00643962850488343
0.002957020734569544
0.001931220047949118
0.006005028217947351
0.00344251273120498
0.1223691841070425
0.001331611741198898
0.110689375290223
1.661906120720463e-08
2.147500589712103e-08
0.008750852178628124
0.001766580322502
4.069759885118762e-06
0.03216253952484796
0.0138002927737233
0.002193395118952804
5.418558173197987e-08
1.094414195323349e-05
1.410140639953707e-10
0.02638475784469334
0.04084012948657861
0.06426794528521536
0.1082897382159063
0.06108022508401159
0.0009682300857785289
1.932571014840153e-05
0.01023143384203024
0.001789739576692793
6.426848672663087e-05
6.489093836930455e-05
0.02240160934303315
0.003319293870378141
0.05773981920877499
0.4322443322461095
0.001684156619776892
0.04358528653541978
0.04883749780916576
0.002337609977300451
8.932978520194221e-05
1.31960932948207e-05
0.001580228462618163
0.03680651337982196
3.048968874258645e-05
1.93310523065907e-11
0.003807101593396332
0.001861095906161174
0.0001145338528728257
2.058700460549931e-06
6.572058096033211e-07
0.0002400136504532218
7.806779512138668e-08
0.007308710373446554
2.640662462290138e-05
0.01839945007537278
5.869083919051948e-06
0.001257228877709391
0.01327805893309244
0.001041384423268748
1.469984124659006e-05
0.008003696694192739
0.003118128937458484
0.002980144109645017
7.990027910907852e-05
4.7253258120344e-06
0.0001147118059272262
0.0001695302715020355
0.01803950227376825
0.01231643885933986
1.190571165672177e-05
1.861833055859027e-05
3.117086963740523e-05
0.0001459724693901066
0.0006612519390682667
0.00190360001432906
1.707727052823072e-08
4.595558872334578e-08
0.0005099790640205425
2.706641463870618e-06
0.0001078145341272531
3.037271389347545e-09
0.04193997097770008
0.02375980514987782
0.02640609515622118
0.0001880233306365842
1.329724871388677e-05
9.031903768616625e-05
0.01887342168208019
2.15111019126808e-05
5.301356093477695e-06
5.891409200840395e-07
0.007397563384766232
3.285479910681059e-06
6.74383179911973e-08
3.711784185077695e-06
0.0001204034343367358
0.005661319025312664
3.867714996212654e-08
0.01280038199329226
0.03506298338930305
0.05268820300901233
7.477701608705256e-06
0.0005524150796570117
0.002619834180201677
0.01238373058944294
2.328200233116628e-05
0.001516062391448773
5.811158943380914e-06
4.41500234822975e-05
0.05544814224326422
0.1140502222227506
2.014959622629523e-07
0.0001895533736016945
0.0002977533356977468
0.0007222081656185533
5.821388819702882e-05
0.0002258147984197179
0.02728946397126553
2.232101319143012e-07
0.001652102767496058
0.008914165370731251
0.009957839075832212
0.02436081999039703
0.01964509222122478
0.0003782717821840463
4.963015469750384e-08
3.174513932252367e-05
0.002382012224155247
0.08829504403179698
6.539242268349454e-10
1.190717328365569e-08
0.0002668543620745653
0.0004109579509770113
0.02582322179796851
0.003497148309041903
3.821919433823476e-06
1.267781915027962e-05
0.05455590234761633
2.76592231968906e-05
1.323202129447522e-05
8.874371484988504e-06
0.001274052925345318
2.725122318988224e-09
0.03177059866317056
6.342614353086717e-06
0.03861812865505773
8.530654222780791e-05
8.68939380138676e-07
2.239162483861902e-08
0.02529570983774418
7.114164847189596e-08
4.347256402311672e-06
0.0008076692374905721
8.21930150697288e-06
1.865449104932667e-05
4.94236902707993e-07
0.001597208871513804
1.269311841611255e-09
9.978796792284457e-08
0.008604984699449841
0.003933908902011151
4.686578837218522e-05
1.2599424287267e-07
0.001139479452363145
0.003051613153272676
0.001147961112860463
0.008343189704042284
0.003181721469227208
0.0001970660542775975
1.127324857640616e-06
0.01934175643673719
0.01560329345872846
0.01113799953418896
0.001968049917407078
9.61804900667793e-07
0.01108011693704382
0.02407347082323344
2.435739788842247e-06
0.007615763987821089
0.0002238714750538788
0.000509326622688159
0.008481969597038633
0.03567890460640503
3.717380855458824e-06
0.0153617954725241
1.579146495538967e-07
5.619672248821552e-06
3.163361973994922e-06
1.280573696724926e-10
0.0001524364272408302
3.442118782997537e-06
0.0003002795808609571
0.0001755768526245629
0.001090471292110648
0.001342633685883266
0.01285610981308587
0.0002438942199151549
0.01242374918388643
7.324004917875687e-07
4.427592539745381e-08
0.005899889737201231
5.988475621699761e-10
3.873217114075832e-06
3.479996298648399e-05
0.001038759807752779
7.736993144335227e-05
2.912946067918016e-05
1.161561055248831e-10
0.001393651246669073
1.75066048878829e-07
3.155324102561972e-05
0.01165344773371398
1.097160107751274e-09
8.118209050764888e-08
1.25682370250025e-05
1.951759838653068e-08
0.01653934154755866
3.34179514828725e-09
1.646090501502172e-08
2.029249304839516e-05
1.622857568834107e-08
1.618720251611035e-06
0.002030629379606585
0.0004330790366405428
0.001791596422319289
0.01664613463271421
1.447610639892957e-05
0.01223882130599699
0.1644685991702928
7.340912686468998e-06
1.205377267951564e-07
2.003037501885771e-10
0.00500696238586697
8.169073755951464e-12
3.425421172984203e-05
0.05999953396500421
2.875131940559327e-06
0.002963199427038856
0.02289275921058923
0.005161185572418126
0.001771096064049963
0.0125803295841694
0.001029695256807485
3.931593320698888e-05
2.255939950230631e-05
4.896603466790916e-07
1.155354717338307e-08
0.001599108902960731
1.516697378878308e-06
0.03502676448240486
0.001917165091789652
3.044186023285306e-06
0.01296307390765979
2.767809928904254e-08
1.038195159670764e-05
5.897578644584375e-05
1.50398594440904e-05
0.1128500803596486
0.001461298802812084
9.15743021338326e-06
1.057150340024499e-05
0.0005294971292835072
7.168110137633161e-07
1.354251333863653e-05
4.303758392834392e-06
0.0005325318421268018
0.09461334001642993
0.006710158076542167
1.754044485700123e-07
0.000287818845814215
4.615171109103049e-05
0.002230911067377582
9.368633511989737e-07
0.0003483387145266345
1.816868174203539e-06
1.910500670635911e-05
3.353966062530872e-05
0.0056040472183732
4.6810220507598e-06
1.262955591428082e-09
3.616187626053928e-08
9.59147888793767e-07
4.130777937354912e-07
3.531612987245917e-06
8.490805725885519e-05
3.85019291699832e-05
0.0004007072851497974
3.735903022618712e-07
0.4221180141645596
4.152654556779199e-05
0.0003613066753451027
0.01168391077998612
0.02771561426823639
0.0002721931057014228
2.299034601495092e-06
0.01153166804296148
0.09289448183847529
8.002417279720808e-06
0.09285336200161595
4.031900435243549e-08
0.005533849040900631
0.1089794332065677
0.0001304281842917078
0.01803995077087845
0.03999753199933782
0.01995073385005557
0.001627271923649183
1.084945805279217e-06
3.806144237093505e-07
0.000756765260165651
2.581631512105397e-09
0.0009478872120545377
2.360849582443748e-05
9.055312053921779e-05
0.009755727255378533
2.837638679473489e-05
0.1505723102333351
5.939682369762468e-07
0.001882131625962742
8.071294334423035e-06
0.0001402676429447728
0.0004468687390357391
0.01170158266634099
0.01118160153306791
1.464523945910261e-06
0.01935225987482887
3.932290715975346e-06
0.0001055009531052832
9.986853749494542e-11
0.0001959158588393814
0.0002947428311109541
7.52868334912666e-10
0.003010309343350276
0.003069159388977922
2.17643876096884e-05
1.736023566400504e-06
0.001199561945360798
0.001019518062572805
1.143652014085592e-07
0.01788936717439232
0.01889357850986234
0.03395820201711032
0.001340150996357921
5.981218253242378e-11
0.003002420008951962
4.473491539019058e-08
4.944762918666445e-08
0.09122104568804822
0.008741636116734947
6.728417414452051e-09
7.318200711757608e-06
0.03305200229165222
1.989969586665794e-07
7.659218534532673e-06
8.596223122503327e-08
2.159813980558009e-07
0.002041928567305172
2.933459013113337e-06
9.075469283325548e-07
1.020414159987482e-06
1.832767317326313e-05
0.01155118306725017
4.606117366122378e-07
1.520749337541702e-07
1.603298978222637e-09
5.722229720584965e-07
1.810964492404331e-07
0.01743031821876884
7.724800569398447e-09
2.011779305579299e-05
0.01527178355202726
2.491618362637973e-07
1.496556517616279e-08
1.20835064117797e-08
0.004681622702238786
0.00627701188710726
0.001503341697435197
0.01645927159732874
9.508350790204061e-05
3.476665745334905e-06
0.007284301257996023
1.674761683055839e-12
6.626789691832007e-07
0.01383059775989519
0.0008922862108240681
3.222479572683376e-05
0.04403271807241651
0.0007692684165754419
0.1220699108498951
0.0003179745961711909
0.3494833014470022
0.009672135513267486
3.631260387991079e-09
0.003246884745536905
1.285343557060157e-07
0.0006028016210811454
0.0002379873584155331
0.0005619529738088293
0.0004014986874612626
0.003640245728385222
0.1016664896675094
1.91273155782556e-08
0.0001611123522159552
0.007342834493149522
0.0001782346435638243
0.0001082315773658653
0.0003575448581314198
0.006169645217912501
6.533467628429141e-12
0.001746033021131445
1.75846335884411e-05
1.074667169396609e-09
2.985905565940283e-10
0.02138069297230578
3.338497400644338e-07
0.001251749110602902
3.904525460056772e-06
8.008449023987352e-07
1.651929959106828e-05
0.0001148797589078536
0.0004489526057461249
0.007041281922496202
2.484769921652346e-07
2.081425393450912e-05
0.004588000023334266
3.753267188374265e-05
0.004888782291253359
2.245767239342992e-07
0.001116110702541215
3.436285735527637e-05
0.0002191393730240963
0.01307730325652558
0.003618122272480128
2.71815113216308e-05
2.308777075086742e-07
0.0122256195176362
0.0110642368971013
3.835772340006291e-09
1.843326067281265e-05
6.048746561099995e-05
2.42153103330036e-08
7.948015083839359e-06
4.378732512462174e-06
0.0008531943168156886
5.730625222603602e-09
6.846997988779559e-07
0.01658907982878397
4.556600251031077e-05
0.001447027392592507
3.211648035329245e-08
0.0008699607482684828
3.881766591609529e-07
0.04951876431753649
2.117130364836182e-08
4.456694813567789e-07
2.426539193664147e-07
0.001253993614656748
0.004299515027115166
0.00185897200519429
2.781093064201356e-07
2.920681185541343e-06
0.01202051954877974
0.004249481923398775
0.007608492591607173
6.504265200210404e-06
0.0002251159730255239
9.844950899826094e-09
0.004395783457675328
5.749996998704287e-11
0.0009411758399285035
0.000483031686851639
0.0002320750841162294
0.0009276204796561988
0.0002545210414255783
6.365428552774337e-05
0.2144965372470871
0.008001987719016666
0.003267215801902582
9.68539884209479e-05
2.558355167555887e-07
4.118858703843237e-05
0.02353050767961908
0.0001525653169795739
7.282899821118312e-07
0.0003521075730582423
0.1076583999892199
0.1159047397528357
0.006862879895000273
1.446779581108322e-05
0.001502905342375689
1.436038411938923e-08
4.305468727010708e-06
0.009941903090996464
6.663993951992498e-09
8.848913070108809e-08
2.103025575716682e-06
0.004395021392219405
3.614708369972046e-05
1.213549132549282e-09
1.833619014081025e-07
0.02942085540555655
0.007129227440566035
3.20371508648475e-07
4.68244955989586e-05
0.003972523673412711
0.001906595497924681
7.641931498644738e-07
0.002462730146531405
5.292285400225567e-09
2.537711561884278e-07
3.616385768597817e-11
0.0001031529155306163
0.004153159037280424
3.280008048597482e-08
0.004181719160165877
4.52855604692606e-06
6.755730036352232e-05
1.396419064934342e-05
4.923052071555809e-05
0.02411559020077035
3.582761149583124e-05
5.203112117964081e-07
0.01746770928516935
2.638411828389922e-10
0.001831876925140043
3.247310984305349e-05
0.0002762481774965904
6.208009163299888e-07
9.942188088114062e-09
0.01090169069586887
6.424748566488197e-06
2.562928956641273e-11
1.010952626790832e-08
0.01933261980611337
0.03538865687488486
0.0002226863392073988
0.0002603297291009227
0.0001553446972979345
2.84491950873659e-09
1.582303440082088e-07
1.294383974506405e-09
2.220069945209071e-14
0.001275187805200492
1.767537315116337e-06
3.426633396208995e-05
3.304979429367403e-05
0.0001026413922331994
0.005859280393238742
6.748234168314813e-08
0.01396620899946481
0.0001509225900963506
8.518359392507809e-05
0.03230305802462854
0.0002388522426879992
0.00025059952925309
0.0008480420915967749
0.002771211928932324
1.52656545785553e-05
0.009782681672846865
4.854493057105189e-11
1.17633758585844e-08
5.440485921230507e-09
7.069843731158014e-05
2.374439200243411e-13
5.252086254590568e-11
8.869961947089977e-05
0.08781149011432995
0.0002869625544884583
0.0004998023073020919
0.0002922923775156645
0.0001260182138340048
0.0002403283732546322
0.0007480713283232362
0.04950480089371625
5.399612716634655e-06
3.650999311566053e-08
1.148448557081051e-06
0.0001201871006691085
6.487273147461395e-07
0.004998847570610228
8.532321937932126e-06
0.0008065990031825613
5.61390027388224e-07
2.187143101850045e-06
0.07514002184282015
0.008878622348798531
0.004402696628112605
0.001030118772255374
0.0002672051522365005
0.01859814719422831
0.01317449225393815
0.005881115192615241
0.001197535541422746
0.01157748182080106
2.238081216162387e-05
0.001099192006317189
0.005003861054367995
0.05483450072940442
0.02463401766882616
0.0007502559496141843
0.001464571639824849
3.058160753750745e-06
0.0002465477730762844
6.655447823864329e-06
0.02493196270433359
0.0046116674824127
2.360646325544744e-08
0.03952092026829393
0.01436287271818001
0.0009172380760418629
0.0007045600435977799
2.081929892415754e-07
3.223744664750557e-06
0.0004697030843974499
0.000411749606980359
0.0001094784649488037
4.469640793729895e-10
0.007464693616585655
0.6326238786450736
0.0009494580026679525
7.146288173972777e-09
0.004672539334571973
0.1250291234428588
1.284569158275502e-09
7.25120774444571e-08
0.03867443607806667
0.005946868042524418
0.004286178903669531
0.0007384972708172179
0.05592931446220399
0.01624888357545563
0.0001714411846073619
0.00830224170310339
0.004247838608962834
0.0117932056188506
0.007568616456640072
4.097839450783212e-06
7.627074950254456e-07
0.01441012433397613
5.653545602646159e-06
1.512947404213169e-06
0.2519937822702933
5.018649876718491e-10
1.309004847529945e-05
9.1166107713147e-06
2.113180467747053e-07
1.090468286836073e-06
1.816814052590219e-05
2.782431406255801e-05
0.01448648110535438
1.752524567501578e-05
4.663324061134989e-07
8.267727661039904e-08
0.02975303096344076
0.03071989253279407
1.074232015848353e-05
1.792207458491617e-06
5.03504272955889e-06
0.0002262194306377798
0.0002169144844609521
4.984162967067033e-07
2.937219373412894e-06
0.04544176517193339
4.690801226297719e-07
4.339433301703955e-05
2.847495640982945e-06
7.992697152759777e-06
4.292718333980983e-06
1.49239924143421e-05
3.485816806780834e-06
2.555742405005181e-06
2.731626557306538e-05
0.0001076309702475561
0.004642307969219266
2.801265574889677e-05
8.195869598608102e-07
0.002701361928913931
3.733140118070539e-06
5.534800912217497e-06
0.0006980199070246345
0.01121539772296219
1.325318346504492e-10
3.364265142432011e-09
0.001138741590290031
0.001991450513739469
0.0142592570256964
0.0002394680295899826
0.0003490014249167258
0.0004441442460149833
0.03181474436158836
7.168723131906033e-07
1.677922368693794e-08
0.003661092621979294
4.782894661578114e-10
1.368657695529082e-05
2.454663551282801e-11
0.0009510378366800464
0.0121604368231912
4.277588990544866e-05
3.630806430195792e-05
3.359813143727491e-06
0.0001103768887939711
0.009677110844058484
0.04193315058904704
0.01069665929446721
1.044824472716533e-09
5.982550965054174e-06
0.002932199798407191
0.005344827928228331
0.002113213217531664
0.004438590179199006
6.737115103913381e-06
7.601482205770766e-07
0.02792130151245972
2.880142395099949e-05
1.937190487708093e-06
0.01053456628418217
0.007657158909824777
3.133484019741939e-07
2.913821320964359e-07
4.337294772406647e-06
0.0008242245419270482
5.187833712490095e-09
1.215249837455956e-05
7.725521701084906e-06
0.003539196328043469
1.916524229844808e-05
0.0417783636446336
0.02962799929693975
0.0001127302701117167
1.22235774432285e-05
0.000108474912497022
0.003535114659256006
2.038783499612774e-06
0.001394150606291454
4.719565166491021e-07
0.0006114881344698464
3.2258665625204e-06
0.00470584682989588
0.001887338254342829
0.001032247893024618
8.450426195236203e-05
0.0005190287187378571
7.043328277188011e-05
3.24955555326764e-07
3.042238047723322e-07
9.84946850851583e-11
0.03476032874494942
0.001718128121621143
5.124364480759154e-06
2.715422270159732e-05
3.983589439758086e-09
0.0003907280581493345
2.882447967971062e-06
4.751781795327154e-08
0.03652802037679319
0.0005933793209983666
0.01142521316584622
5.982969728196844e-05
1.60990638003127e-06
0.1313742413443861
0.002092583996459103
0.006483687749115935
0.0808130938342991
0.0002374927120092738
6.463363393921248e-07
0.01580256485801852
0.0007689696248389505
2.324258568863503e-06
1.274741173303919e-07
0.001960668731674798
0.004413460103164283
1.399665954735365e-05
2.0318348723926e-10
5.062640684592126e-06
0.186079513804965
1.523923676375528e-07
4.077454147250763e-07
0.01223943855029107
0.0003654316233540134
0.01851341051123218
0.0006393688148677333
3.745816770053263e-06
0.1161593065765917
0.006311226572227925
0.001490072912777656
1.665782033769933e-05
0.00548785822837612
0.001592149679863394
8.82306599532622e-08
0.005422486245692263
0.005687355982252418
0.003743641949985736
1.453879840385153e-08
5.123468916863836e-05
7.309516357858637e-08
0.04513488589890282
5.348610550986714e-05
0.01096744386429728
3.837440605796971e-05
1.427659685448457e-05
0.0001540375000671034
0.01811480001457572
1.828098730966725e-05
7.80639595527495e-08
1.159496952608786e-07
3.32381821267834e-07
1.170877580183553e-06
1.716820826505696e-05
5.971895517959348e-07
3.677661950632586e-06
0.0004217385226790581
0.004980306974820299
6.391754747934133e-05
6.613647284922286e-06
0.0001446465690888871
0.04209638391173536
0.0001458684305947384
0.0003358842195385418
0.007012593265412133
2.231681484728596e-06
3.101065303623859e-08
0.04007841095483528
0.02638028124640074
3.382204216874871e-06
8.214285255830394e-07
0.02733137857887697
1.946764466822157e-06
7.674312942419337e-09
0.0001835940251802151
8.897293203578157e-07
1.759696716953188e-08
0.04242183874724009
5.768188729549231e-10
3.775081915062596e-07
6.038812466143953e-05
2.642132256613861e-06
2.446609448647172e-06
0.0001765644137792156
8.134856937080315e-06
0.3481705230928778
4.370444756452982e-06
0.0002374818083713319
5.62791072815141e-07
0.001330258497708304
2.983948358273964e-07
1.05842625247267e-06
0.03484989087551571
0.0003271353602834188
0.04275798704120308
0.005131070032501705
7.274592111579579e-05
2.070874452217652e-08
0.001022096234581905
0.005623260477049159
0.001022096234581905
0.005623260477049159
0.008075090046590714
0.07943394182854996
0.2240308486403496
0.00360688284407843
0.1463384914483624
0.007336154884944878
0.003107286313678247
0.009393040338694704
4.654993257898775e-05
0.01107475089033261
0.0117867926809611
0.0005242438372202591
0.01256076815584156
0.01406101687476284
0.000184555539957124
0.03208513092500691
0.0117867926809611
0.0005242438372202591
0.01256076815584156
0.01406101687476284
0.000184555539957124
0.03208513092500691
0.004557576864330207
0.4840503180495378
0.05671833920351764
0.003875695007226189
0.004193262318561201
0.0195884306382635
0.02360488230989814
0.005391719904629397
0.1066534096780945
0.01448081725290848
0.1532013762601358
0.1614413458023821
0.01692074372208299
0.000620037942758851
0.01102241871315368
0.02470301078665579
0.02232554656926099
0.07176270103993175
0.006843500738803479
0.01490066027522305
0.007111405520153576
0.005987270380034665
0.01652223581316428
0.002575172785211424
0.01031314456085599
0.008293944239463074
0.1547573671755353
0.02037753807846867
0.01388667257839848
0.0001090119313271778
0.1535527943705457
0.1734407471402116
0.08964286772611559
0.02908099861821314
0.2767187733215583
0.005517150886751619
0.1912435513337957
0.0003482749915396949
0.01061856753209544
5.409545448444973e-06
0.0005402450417375501
0.02806285767717721
0.006473566786712063
0.008111260311680864
0.00184181584334221
0.006460634486840144
0.007300297097695556
0.2088314360114417
0.1644656357688
2.804773115671298e-05
0.02464569583145282
0.0006624092265157527
0.02649891018095614
0.06824047601983327
5.343070466445728e-05
5.937036752487247e-05
0.02889370260701924
0.008609337570654877
0.08085941707513333
0.0005402450417375501
0.02806285767717721
0.006473566786712063
0.008111260311680864
0.00184181584334221
0.006460634486840144
0.007300297097695556
0.2088314360114417
0.1644656357688
2.804773115671298e-05
0.02464569583145282
0.0006624092265157527
0.02649891018095614
0.06824047601983327
5.343070466445728e-05
5.937036752487247e-05
0.02889370260701924
0.008609337570654877
0.08085941707513333
0.0003487206301224498
0.00311406260475581
0.005895085420281589
0.03921228531939756
0.0002734919116239574
0.0004631743857703306
0.003422816637015173
0.04721017964422854
0.04519497768204672
0.06771802024754059
0.003613198277768832
0.00182035409845396
0.003275774033304151
0.0004780736879492692
0.02613296006541582
0.7536319067026942
3.729939272455045e-06
0.00299123515352864
0.04102694394923227
0.03655992468422208
0.1303663923318331
0.05443610213814953
0.006527696835248046
0.02919629138412485
0.05186372252714749
0.04909596317818801
0.0009972964287960468
0.07976406470180611
0.3065302858769256
0.002476939118611073
0.004274799202629816
0.7195068737344069
0.002173955697732461
0.02459165643735857
0.7231673638899513
0.1731791818617393
0.0007322314434315431
0.3534006800888237
0.0001140334440936206
0.05081695536694877
0.002048997667956779
6.051264580799793e-05
0.3287417294007091
0.0002957259271574144
0.02053811940974873
0.4085123918315706
0.01275778061570804
0.00160334455393508
0.3338779485240408
2.157636322765882e-05
0.08312489054642207
0.00378981136588336
0.006420353279538713
0.05657938499780673
0.002119756832252042
0.1016882366574321
0.05759744040565153
8.642711745889177e-05
0.002869715522892065
0.00297274725049932
0.01255367079757736
0.001864982275309747
0.009913251803100974
0.001619826936384767
0.05967929949347407
0.002352326268429553
0.005896132481344208
0.005412196772983115
0.004490565783056231
0.0537422930303845
0.004547293041149281
0.04198387084403964
0.01662807913322922
