0.0
0.0
0.0
0.0
0.0
0.0
0.0
0.0
0.0
0.0
0.0
0.0
0.0
0.0
0.0
0.0
0.0
0.0
0.0
0.0
0.0
0.0
0.06305681536761883
0.0
0.07018069992535975
0.0
0.0
0.0
0.0
0.0
0.0
0.0
0.0
0.0
0.0
0.0
0
0
0
0
0
0
0
0
0
0
0
0
0
0
0
0
0
0
0
0
0
0
0
0
0
0
0
0.0
0.0
0.0
0.0
0.0
0.0
0.0
0.0
0.0
0.0
0.0
0.0
0.0
0.0
0.0
0.0
0.0
0.0
0.0
0.0
0.0
0.0
0.0
0.07244233612034273
0.07244233612034273
0
0
0
0
0
0
0
0
0
0
0
0
0
0
0
0
0
0
0
0
0
0
0
0
0
0
0
0
0
0
0
0
0
0
0.0
0.0
0.0
0.0
0.0
0.0
0.0
0.0
0.0
2.220053848716255e-14
0.0
0.0
0.0
0.0
0.0
0.0
0.0
0.0
0.0
0.0
0.0
0.0
0.0
0.0
0.0
2.220056980738422e-14
0.0
0.0
0.0
0.0
0.0
0.0
0.06961396524740601
0.0
1.0
1.0
1.0
1.0
1.0
1.0
0.9675435269371545
1.0
1.0
1.0
1.0
1.0
1.0
1.0
1.0
1.0
0.9675435269371545
1.0
1.0
1.0
1.0
1.0
1.0
1.0
0.1544330097258002
1.0
1.0
1.0
1.0
1.0
0.1612303208799638
1.0
1.0
1.0
1.0
1.0
1.0
1.0
1.0
1.0
0.0
0.0
0.0
0.0
0.0
0.0
0.0
0.0
0.0
0.0
0.0
0.0
0.0
0.0
0.0
0.0
0.0
0.0
3.787993561866803e-13
0.0
3.787993561866803e-13
0.0
0.0
0.0
0.0
0.0
0.0
0.0
0.0
0.0
0.0
0.07046391585618333
0.0
0.0
0.0
0.0
0.0
0.0
0.0
0.0
0.0
0.0
0.0
2.220065093094055e-14
0.0
0.0
0.07244233612034275
0.0
0.0
0.0
0.0
0.0
0.0
0.0
0.0
0.0
0.06734599332334472
0.0
0.0
0.0
0.06734599332334472
0.0
0.0
0.0
0.0
0.0
0.07215999032443055
0.0
0.0
2.220056980738422e-14
0.0
0.0
0.0
0.0
0.0
0.0
0.0
0.0
0.0
0.0
0.0
0.0
0.0
0.0
0.0
0.0
0.0
0.0
0.0
0.0
0.0
0.0
0.0
0.0
0.0
0.0
0.0
0.0
0.0
0.0
0.0
0.0
0.0
0.0
0.0
0.0
2.220075117936149e-14
0.0
0.0
0.0
0.0
0.0
0.0
0.0
0.0
0.0
0.0
0.0
0.0
0.0
0.07300657279389935
0.0
0.07300657279389935
0.0
0.0
0.07300657279389935
0.0
0.0
0.0
0.0
0.0
0.0
0.0
0.0
0.0
0.0
0.0
0.0
0.0
2.220056980738423e-14
0.0
0.0
0.0
0.0730065727938993
0.0
2.220056980738423e-14
0.0
0.0
0.0
0.0730065727938993
0.0
0.0
0.0
0.0
0.0
0.0
0.0
0.0
0.0
0.0
0.0
0.0
0.0
0.0
0.07244233612034266
0.0
0.0
0.0
0.07244233612034266
0.0
0.0
0.0
0.0
0.0
0.0
0.0
0.0
0.0
0.0
0.0
0.0
0.0
0.0
0.0
0.0
0.0
0.0
0.0
0.0
0.0
0.0
0.0
0.0
0.0
0.0
0.0
0.0
0.0
0.0
0.0
0.0
0.0
0.0
0.0
0.0
0.0
0.0
0.0
0.0
0.0
0.06305681536761883
0.0
0.07018069992535975
0.0
0.0
0.0
0.0
0.0
0.0
0.0
0.0
0.0
0.0
0.0
0
0
0
0
0
0
0
0
0
0
0
0
0
0
0
0
0
0
0
0
0
0
0
0
0
0
0
0.0
0.0
0.0
0.0
0.0
0.0
0.0
0.0
0.0
0.0
0.0
0.0
0.0
0.0
0.0
0.0
0.0
0.0
0.0
0.0
0.0
0.0
0.0
0.07244233612034273
0.07244233612034273
0
0
0
0
0
0
0
0
0
0
0
0
0
0
0
0
0
0
0
0
0
0
0
0
0
0
0
0
0
0
0
0
0
0
0.0
0.0
0.0
0.0
0.0
0.0
0.0
0.0
0.0
2.220053848716255e-14
0.0
0.0
0.0
0.0
0.0
0.0
0.0
0.0
0.0
0.0
0.0
0.0
0.0
0.0
0.0
2.220056980738422e-14
0.0
0.0
0.0
0.0
0.0
0.0
0.06961396524740601
0.0
1.0
1.0
1.0
1.0
1.0
1.0
0.9675435269371545
1.0
1.0
1.0
1.0
1.0
1.0
1.0
1.0
1.0
0.9675435269371545
1.0
1.0
1.0
1.0
1.0
1.0
1.0
0.1544330097258002
1.0
1.0
1.0
1.0
1.0
0.1612303208799638
1.0
1.0
1.0
1.0
1.0
1.0
1.0
1.0
1.0
0.0
0.0
0.0
0.0
0.0
0.0
0.0
0.0
0.0
0.0
0.0
0.0
0.0
0.0
0.0
0.0
0.0
0.0
3.787993561866803e-13
0.0
3.787993561866803e-13
0.0
0.0
0.0
0.0
0.0
0.0
0.0
0.0
0.0
0.0
0.07046391585618333
0.0
0.0
0.0
0.0
0.0
0.0
0.0
0.0
0.0
0.0
0.0
2.220065093094055e-14
0.0
0.0
0.07244233612034275
0.0
0.0
0.0
0.0
0.0
0.0
0.0
0.0
0.0
0.06734599332334472
0.0
0.0
0.0
0.06734599332334472
0.0
0.0
0.0
0.0
0.0
0.07215999032443055
0.0
0.0
2.220056980738422e-14
0.0
0.0
0.0
0.0
0.0
0.0
0.0
0.0
0.0
0.0
0.0
0.0
0.0
0.0
0.0
0.0
0.0
0.0
0.0
0.0
0.0
0.0
0.0
0.0
0.0
0.0
0.0
0.0
0.0
0.0
0.0
0.0
0.0
0.0
0.0
0.0
2.220075117936149e-14
0.0
0.0
0.0
0.0
0.0
0.0
0.0
0.0
0.0
0.0
0.0
0.0
0.0
0.07300657279389935
0.0
0.07300657279389935
0.0
0.0
0.07300657279389935
0.0
0.0
0.0
0.0
0.0
0.0
0.0
0.0
0.0
0.0
0.0
0.0
0.0
2.220056980738423e-14
0.0
0.0
0.0
0.0730065727938993
0.0
2.220056980738423e-14
0.0
0.0
0.0
0.0730065727938993
0.0
0.0
0.0
0.0
0.0
0.0
0.0
0.0
0.0
0.0
0.0
0.0
0.0
0.0
0.07244233612034266
0.0
0.0
0.0
0.07244233612034266
0.0
0.0
0.0
0.0
0.0
0.0
0.0
0.0
0.0
0.0
0.0
0.0
0.0
0.0
0.0
0.0
0.0
0.0
0.0
0.0
0.0
0.0
0.0
0.0
0.0
0.0
0.0
0.0
0.0
0.0
0.0
0.0
0.0
0.0
0.0
0.0
0.0
0.0
0.0
0.0
0.0
0.06305681536761883
0.0
0.07018069992535975
0.0
0.0
0.0
0.0
0.0
0.0
0.0
0.0
0.0
0.0
0.0
0
0
0
0
0
0
0
0
0
0
0
0
0
0
0
0
0
0
0
0
0
0
0
0
0
0
0
0.0
0.0
0.0
0.0
0.0
0.0
0.0
0.0
0.0
0.0
0.0
0.0
0.0
0.0
0.0
0.0
0.0
0.0
0.0
0.0
0.0
0.0
0.0
0.07244233612034273
0.07244233612034273
0
0
0
0
0
0
0
0
0
0
0
0
0
0
0
0
0
0
0
0
0
0
0
0
0
0
0
0
0
0
0
0
0
0
0.0
0.0
0.0
0.0
0.0
0.0
0.0
0.0
0.0
2.220053848716255e-14
0.0
0.0
0.0
0.0
0.0
0.0
0.0
0.0
0.0
0.0
0.0
0.0
0.0
0.0
0.0
2.220056980738422e-14
0.0
0.0
0.0
0.0
0.0
0.0
0.06961396524740601
0.0
1.0
1.0
1.0
1.0
1.0
1.0
0.9675435269371545
1.0
1.0
1.0
1.0
1.0
1.0
1.0
1.0
1.0
0.9675435269371545
1.0
1.0
1.0
1.0
1.0
1.0
1.0
0.1544330097258002
1.0
1.0
1.0
1.0
1.0
0.1612303208799638
1.0
1.0
1.0
1.0
1.0
1.0
1.0
1.0
1.0
0.0
0.0
0.0
0.0
0.0
0.0
0.0
0.0
0.0
0.0
0.0
0.0
0.0
0.0
0.0
0.0
0.0
0.0
3.787993561866803e-13
0.0
3.787993561866803e-13
0.0
0.0
0.0
0.0
0.0
0.0
0.0
0.0
0.0
0.0
0.07046391585618333
0.0
0.0
0.0
0.0
0.0
0.0
0.0
0.0
0.0
0.0
0.0
2.220065093094055e-14
0.0
0.0
0.07244233612034275
0.0
0.0
0.0
0.0
0.0
0.0
0.0
0.0
0.0
0.06734599332334472
0.0
0.0
0.0
0.06734599332334472
0.0
0.0
0.0
0.0
0.0
0.07215999032443055
0.0
0.0
2.220056980738422e-14
0.0
0.0
0.0
0.0
0.0
0.0
0.0
0.0
0.0
0.0
0.0
0.0
0.0
0.0
0.0
0.0
0.0
0.0
0.0
0.0
0.0
0.0
0.0
0.0
0.0
0.0
0.0
0.0
0.0
0.0
0.0
0.0
0.0
0.0
0.0
0.0
2.220075117936149e-14
0.0
0.0
0.0
0.0
0.0
0.0
0.0
0.0
0.0
0.0
0.0
0.0
0.0
0.07300657279389935
0.0
0.07300657279389935
0.0
0.0
0.07300657279389935
0.0
0.0
0.0
0.0
0.0
0.0
0.0
0.0
0.0
0.0
0.0
0.0
0.0
2.220056980738423e-14
0.0
0.0
0.0
0.0730065727938993
0.0
2.220056980738423e-14
0.0
0.0
0.0
0.0730065727938993
0.0
0.0
0.0
0.0
0.0
0.0
0.0
0.0
0.0
0.0
0.0
0.0
0.0
0.0
0.07244233612034266
0.0
0.0
0.0
0.07244233612034266
0.0
0.0
0.0
0.0
0.0
0.0
0.0
0.0
0.0
0.0
0.0
0.0
0.0
0.0
0.0
0.0
0.0
0.0
0.0
