0.0
0.0
0.0
0.0
0.0
0.0
0.0
0.0
0.0
0.0
0.0
0.0
0.0
0.0
0.0
0.0
0.0
0.0
0.0
0.0
0.0
0.0
0.06305681536761891
0.0
0.07018069992535973
0.0
0.0
0.0
0.0
0.0
0.0
0.0
0.0
0.0
0.0
0.0
0
0
0
0
0
0
0
0
0
0
0
0
0
0
0
0
0
0
0
0
0
0
0
0
0
0
0
0.0
0.0
0.0
0.0
0.0
0.0
0.0
0.0
0.0
0.0
0.0
0.0
0.0
0.0
0.0
0.0
0.0
0.0
0.0
0.0
0.0
0.0
0.0
0.0724423361203428
0.0724423361203428
0
0
0
0
0
0
0
0
0
0
0
0
0
0
0
0
0
0
0
0
0
0
0
0
0
0
0
0
0
0
0
0
0
0
0.0
0.0
0.0
0.0
0.0
0.0
0.0
0.0
0.0
2.220053848716255e-14
0.0
0.0
0.0
0.0
0.0
0.0
0.0
0.0
0.0
0.0
0.0
0.0
0.0
0.0
0.0
2.220056980738422e-14
0.0
0.0
0.0
0.0
0.0
0.0
0.06961396524740611
0.0
0.0
0.0
0.0
0.0
0.0
0.0
0.03245647306260122
0.0
0.0
0.0
0.0
0.0
0.0
0.0
0.0
0.0
0.03245647306260122
0.0
0.0
0.0
0.0
0.0
0.0
0.0
0.0704639158561833
0.0
0.0
0.0
0.0
0.0
0.06989747326000303
0.0
0.0
0.0
0.0
0.0
0.0
0.0
0.0
0.0
0.0
0.0
0.0
0.0
0.0
0.0
0.0
0.0
0.0
0.0
0.0
0.0
0.0
0.0
0.0
0.0
0.0
0.0
3.787993561866803e-13
0.0
3.787993561866803e-13
0.0
0.0
0.0
0.0
0.0
0.0
0.0
0.0
0.0
0.0
0.07046391585618333
0.0
0.0
0.0
0.0
0.0
0.0
0.0
0.0
0.0
0.0
0.0
2.220065093094055e-14
0.0
0.0
0.07244233612034279
0.0
0.0
0.0
0.0
0.0
0.0
0.0
0.0
0.0
0.06734599332334482
0.0
0.0
0.0
0.06734599332334482
0.0
0.0
0.0
0.0
0.0
0.07215999032443056
0.0
0.0
2.220056980738422e-14
0.0
0.0
0.0
0.0
0.0
0.0
0.0
0.0
0.0
0.0
0.0
0.0
0.0
0.0
0.0
0.0
0.0
0.0
0.0
0.0
0.0
0.0
0.0
0.0
0.0
0.0
0.0
0.0
0.0
0.0
0.0
0.0
0.0
0.0
0.0
0.0
2.220075117936149e-14
0.0
0.0
0.0
0.0
0.0
0.0
0.0
0.0
0.0
0.0
0.0
0.0
0.0
0.07300657279389924
0.0
0.07300657279389924
0.0
0.0
0.07300657279389924
0.0
0.0
0.0
0.0
0.0
0.0
0.0
0.0
0.0
0.0
0.0
0.0
0.0
0.03245647306260114
0.0
0.0
0.0
0.07300657279389935
0.0
0.03245647306260114
0.0
0.0
0.0
0.07300657279389935
0.0
0.0
0.0
0.0
0.0
0.0
0.0
0.0
0.0
0.0
0.0
0.0
0.0
0.0
0.1306919665558871
1.0
1.0
1.0
0.1306919665558871
1.0
1.0
1.0
1.0
1.0
1.0
1.0
1.0
1.0
1.0
1.0
1.0
1.0
1.0
1.0
1.0
1.0
1.0
1.0
0.0
0.0
0.0
0.0
0.0
0.0
0.0
0.0
0.0
0.0
0.0
0.0
0.0
0.0
0.0
0.0
0.0
0.0
0.0
0.0
0.0
0.0
0.06305681536761891
0.0
0.07018069992535973
0.0
0.0
0.0
0.0
0.0
0.0
0.0
0.0
0.0
0.0
0.0
0
0
0
0
0
0
0
0
0
0
0
0
0
0
0
0
0
0
0
0
0
0
0
0
0
0
0
0.0
0.0
0.0
0.0
0.0
0.0
0.0
0.0
0.0
0.0
0.0
0.0
0.0
0.0
0.0
0.0
0.0
0.0
0.0
0.0
0.0
0.0
0.0
0.0724423361203428
0.0724423361203428
0
0
0
0
0
0
0
0
0
0
0
0
0
0
0
0
0
0
0
0
0
0
0
0
0
0
0
0
0
0
0
0
0
0
0.0
0.0
0.0
0.0
0.0
0.0
0.0
0.0
0.0
2.220053848716255e-14
0.0
0.0
0.0
0.0
0.0
0.0
0.0
0.0
0.0
0.0
0.0
0.0
0.0
0.0
0.0
2.220056980738422e-14
0.0
0.0
0.0
0.0
0.0
0.0
0.06961396524740611
0.0
0.0
0.0
0.0
0.0
0.0
0.0
0.03245647306260122
0.0
0.0
0.0
0.0
0.0
0.0
0.0
0.0
0.0
0.03245647306260122
0.0
0.0
0.0
0.0
0.0
0.0
0.0
0.0704639158561833
0.0
0.0
0.0
0.0
0.0
0.06989747326000303
0.0
0.0
0.0
0.0
0.0
0.0
0.0
0.0
0.0
0.0
0.0
0.0
0.0
0.0
0.0
0.0
0.0
0.0
0.0
0.0
0.0
0.0
0.0
0.0
0.0
0.0
0.0
3.787993561866803e-13
0.0
3.787993561866803e-13
0.0
0.0
0.0
0.0
0.0
0.0
0.0
0.0
0.0
0.0
0.07046391585618333
0.0
0.0
0.0
0.0
0.0
0.0
0.0
0.0
0.0
0.0
0.0
2.220065093094055e-14
0.0
0.0
0.07244233612034279
0.0
0.0
0.0
0.0
0.0
0.0
0.0
0.0
0.0
0.06734599332334482
0.0
0.0
0.0
0.06734599332334482
0.0
0.0
0.0
0.0
0.0
0.07215999032443056
0.0
0.0
2.220056980738422e-14
0.0
0.0
0.0
0.0
0.0
0.0
0.0
0.0
0.0
0.0
0.0
0.0
0.0
0.0
0.0
0.0
0.0
0.0
0.0
0.0
0.0
0.0
0.0
0.0
0.0
0.0
0.0
0.0
0.0
0.0
0.0
0.0
0.0
0.0
0.0
0.0
2.220075117936149e-14
0.0
0.0
0.0
0.0
0.0
0.0
0.0
0.0
0.0
0.0
0.0
0.0
0.0
0.07300657279389924
0.0
0.07300657279389924
0.0
0.0
0.07300657279389924
0.0
0.0
0.0
0.0
0.0
0.0
0.0
0.0
0.0
0.0
0.0
0.0
0.0
0.03245647306260114
0.0
0.0
0.0
0.07300657279389935
0.0
0.03245647306260114
0.0
0.0
0.0
0.07300657279389935
0.0
0.0
0.0
0.0
0.0
0.0
0.0
0.0
0.0
0.0
0.0
0.0
0.0
0.0
0.1306919665558871
1.0
1.0
1.0
0.1306919665558871
1.0
1.0
1.0
1.0
1.0
1.0
1.0
1.0
1.0
1.0
1.0
1.0
1.0
1.0
1.0
1.0
1.0
1.0
1.0
0.0
0.0
0.0
0.0
0.0
0.0
0.0
0.0
0.0
0.0
0.0
0.0
0.0
0.0
0.0
0.0
0.0
0.0
0.0
0.0
0.0
0.0
0.06305681536761891
0.0
0.07018069992535973
0.0
0.0
0.0
0.0
0.0
0.0
0.0
0.0
0.0
0.0
0.0
0
0
0
0
0
0
0
0
0
0
0
0
0
0
0
0
0
0
0
0
0
0
0
0
0
0
0
0.0
0.0
0.0
0.0
0.0
0.0
0.0
0.0
0.0
0.0
0.0
0.0
0.0
0.0
0.0
0.0
0.0
0.0
0.0
0.0
0.0
0.0
0.0
0.0724423361203428
0.0724423361203428
0
0
0
0
0
0
0
0
0
0
0
0
0
0
0
0
0
0
0
0
0
0
0
0
0
0
0
0
0
0
0
0
0
0
0.0
0.0
0.0
0.0
0.0
0.0
0.0
0.0
0.0
2.220053848716255e-14
0.0
0.0
0.0
0.0
0.0
0.0
0.0
0.0
0.0
0.0
0.0
0.0
0.0
0.0
0.0
2.220056980738422e-14
0.0
0.0
0.0
0.0
0.0
0.0
0.06961396524740611
0.0
0.0
0.0
0.0
0.0
0.0
0.0
0.03245647306260122
0.0
0.0
0.0
0.0
0.0
0.0
0.0
0.0
0.0
0.03245647306260122
0.0
0.0
0.0
0.0
0.0
0.0
0.0
0.0704639158561833
0.0
0.0
0.0
0.0
0.0
0.06989747326000303
0.0
0.0
0.0
0.0
0.0
0.0
0.0
0.0
0.0
0.0
0.0
0.0
0.0
0.0
0.0
0.0
0.0
0.0
0.0
0.0
0.0
0.0
0.0
0.0
0.0
0.0
0.0
3.787993561866803e-13
0.0
3.787993561866803e-13
0.0
0.0
0.0
0.0
0.0
0.0
0.0
0.0
0.0
0.0
0.07046391585618333
0.0
0.0
0.0
0.0
0.0
0.0
0.0
0.0
0.0
0.0
0.0
2.220065093094055e-14
0.0
0.0
0.07244233612034279
0.0
0.0
0.0
0.0
0.0
0.0
0.0
0.0
0.0
0.06734599332334482
0.0
0.0
0.0
0.06734599332334482
0.0
0.0
0.0
0.0
0.0
0.07215999032443056
0.0
0.0
2.220056980738422e-14
0.0
0.0
0.0
0.0
0.0
0.0
0.0
0.0
0.0
0.0
0.0
0.0
0.0
0.0
0.0
0.0
0.0
0.0
0.0
0.0
0.0
0.0
0.0
0.0
0.0
0.0
0.0
0.0
0.0
0.0
0.0
0.0
0.0
0.0
0.0
0.0
2.220075117936149e-14
0.0
0.0
0.0
0.0
0.0
0.0
0.0
0.0
0.0
0.0
0.0
0.0
0.0
0.07300657279389924
0.0
0.07300657279389924
0.0
0.0
0.07300657279389924
0.0
0.0
0.0
0.0
0.0
0.0
0.0
0.0
0.0
0.0
0.0
0.0
0.0
0.03245647306260114
0.0
0.0
0.0
0.07300657279389935
0.0
0.03245647306260114
0.0
0.0
0.0
0.07300657279389935
0.0
0.0
0.0
0.0
0.0
0.0
0.0
0.0
0.0
0.0
0.0
0.0
0.0
0.0
0.1306919665558871
1.0
1.0
1.0
0.1306919665558871
1.0
1.0
1.0
1.0
1.0
1.0
1.0
1.0
1.0
1.0
1.0
1.0
1.0
1.0
1.0
1.0
1.0
1.0
1.0
