0.0
0.0
0.0
0.0
0.0
0.0
0.0
0.0
0.0
0.0
0.0
0.0
0.0
0.0
0.0
0.0
0.0
0.0
0.0
0.0
0.0
0.0
0.0630568153676188
0.0
0.07018069992535975
0.0
0.0
0.0
0.0
0.0
0.0
0.0
0.0
0.0
0.0
0.0
0
0
0
0
0
0
0
0
0
0
0
0
0
0
0
0
0
0
0
0
0
0
0
0
0
0
0
0.0
0.0
0.0
0.0
0.0
0.0
0.0
0.0
0.0
0.0
0.0
0.0
0.0
0.0
0.0
0.0
0.0
0.0
0.0
0.0
0.0
0.0
0.0
0.07244233612034273
0.07244233612034273
0
0
0
0
0
0
0
0
0
0
0
0
0
0
0
0
0
0
0
0
0
0
0
0
0
0
0
0
0
0
0
0
0
0
0.0
0.0
0.0
0.0
0.0
0.0
0.0
0.0
0.0
2.220053848716255e-14
0.0
0.0
0.0
0.0
0.0
0.0
0.0
0.0
0.0
0.0
0.0
0.0
0.0
0.0
0.0
0.03245647306260131
0.0
0.0
0.0
0.0
0.0
0.0
0.06961396524740601
0.0
0.0
0.0
0.0
0.0
0.0
0.0
2.220056980738422e-14
0.0
0.0
0.0
0.0
0.0
0.0
0.0
0.0
0.0
2.220056980738422e-14
0.0
0.0
0.0
0.0
0.0
0.0
0.0
0.0704639158561834
0.0
0.0
0.0
0.0
0.0
0.06989747326000291
0.0
0.0
0.0
0.0
0.0
0.0
0.0
0.0
0.0
0.0
0.0
0.0
0.0
0.0
0.0
0.0
0.0
0.0
0.0
0.0
0.0
0.0
0.0
0.0
0.0
0.0
0.0
3.787993561866803e-13
0.0
3.787993561866803e-13
0.0
0.0
0.0
0.0
0.0
0.0
0.0
0.0
0.0
0.0
0.07046391585618333
0.0
0.0
1.0
1.0
1.0
1.0
1.0
1.0
1.0
1.0
1.0
0.9577812466727567
1.0
1.0
0.130691966555887
1.0
1.0
1.0
1.0
1.0
1.0
1.0
1.0
1.0
0.1332664688807745
0.0
0.0
0.0
0.1332664688807745
0.0
0.0
0.0
0.0
0.0
0.07215999032443055
0.0
0.0
0.03245647306260118
0.0
0.0
0.0
0.0
0.0
0.0
0.0
0.0
0.0
0.0
0.0
0.0
0.0
0.0
0.0
0.0
0.0
0.0
0.0
0.0
0.0
0.0
0.0
0.0
0.0
0.0
0.0
0.0
0.0
0.0
0.0
0.0
0.0
0.0
0.0
0.0
2.220075117936149e-14
0.0
0.0
0.0
0.0
0.0
0.0
0.0
0.0
0.0
0.0
0.0
0.0
0.0
0.07300657279389935
0.0
0.07300657279389935
0.0
0.0
0.07300657279389935
0.0
0.0
0.0
0.0
0.0
0.0
0.0
0.0
0.0
0.0
0.0
0.0
0.0
2.220056980738423e-14
0.0
0.0
0.0
0.0730065727938993
0.0
2.220056980738423e-14
0.0
0.0
0.0
0.0730065727938993
0.0
0.0
0.0
0.0
0.0
0.0
0.0
0.0
0.0
0.0
0.0
0.0
0.0
0.0
0.07244233612034266
0.0
0.0
0.0
0.07244233612034266
0.0
0.0
0.0
0.0
0.0
0.0
0.0
0.0
0.0
0.0
0.0
0.0
0.0
0.0
0.0
0.0
0.0
0.0
0.0
0.0
0.0
0.0
0.0
0.0
0.0
0.0
0.0
0.0
0.0
0.0
0.0
0.0
0.0
0.0
0.0
0.0
0.0
0.0
0.0
0.0
0.0
0.0630568153676188
0.0
0.07018069992535975
0.0
0.0
0.0
0.0
0.0
0.0
0.0
0.0
0.0
0.0
0.0
0
0
0
0
0
0
0
0
0
0
0
0
0
0
0
0
0
0
0
0
0
0
0
0
0
0
0
0.0
0.0
0.0
0.0
0.0
0.0
0.0
0.0
0.0
0.0
0.0
0.0
0.0
0.0
0.0
0.0
0.0
0.0
0.0
0.0
0.0
0.0
0.0
0.07244233612034273
0.07244233612034273
0
0
0
0
0
0
0
0
0
0
0
0
0
0
0
0
0
0
0
0
0
0
0
0
0
0
0
0
0
0
0
0
0
0
0.0
0.0
0.0
0.0
0.0
0.0
0.0
0.0
0.0
2.220053848716255e-14
0.0
0.0
0.0
0.0
0.0
0.0
0.0
0.0
0.0
0.0
0.0
0.0
0.0
0.0
0.0
0.03245647306260131
0.0
0.0
0.0
0.0
0.0
0.0
0.06961396524740601
0.0
0.0
0.0
0.0
0.0
0.0
0.0
2.220056980738422e-14
0.0
0.0
0.0
0.0
0.0
0.0
0.0
0.0
0.0
2.220056980738422e-14
0.0
0.0
0.0
0.0
0.0
0.0
0.0
0.0704639158561834
0.0
0.0
0.0
0.0
0.0
0.06989747326000291
0.0
0.0
0.0
0.0
0.0
0.0
0.0
0.0
0.0
0.0
0.0
0.0
0.0
0.0
0.0
0.0
0.0
0.0
0.0
0.0
0.0
0.0
0.0
0.0
0.0
0.0
0.0
3.787993561866803e-13
0.0
3.787993561866803e-13
0.0
0.0
0.0
0.0
0.0
0.0
0.0
0.0
0.0
0.0
0.07046391585618333
0.0
0.0
1.0
1.0
1.0
1.0
1.0
1.0
1.0
1.0
1.0
0.9577812466727567
1.0
1.0
0.130691966555887
1.0
1.0
1.0
1.0
1.0
1.0
1.0
1.0
1.0
0.1332664688807745
0.0
0.0
0.0
0.1332664688807745
0.0
0.0
0.0
0.0
0.0
0.07215999032443055
0.0
0.0
0.03245647306260118
0.0
0.0
0.0
0.0
0.0
0.0
0.0
0.0
0.0
0.0
0.0
0.0
0.0
0.0
0.0
0.0
0.0
0.0
0.0
0.0
0.0
0.0
0.0
0.0
0.0
0.0
0.0
0.0
0.0
0.0
0.0
0.0
0.0
0.0
0.0
0.0
2.220075117936149e-14
0.0
0.0
0.0
0.0
0.0
0.0
0.0
0.0
0.0
0.0
0.0
0.0
0.0
0.07300657279389935
0.0
0.07300657279389935
0.0
0.0
0.07300657279389935
0.0
0.0
0.0
0.0
0.0
0.0
0.0
0.0
0.0
0.0
0.0
0.0
0.0
2.220056980738423e-14
0.0
0.0
0.0
0.0730065727938993
0.0
2.220056980738423e-14
0.0
0.0
0.0
0.0730065727938993
0.0
0.0
0.0
0.0
0.0
0.0
0.0
0.0
0.0
0.0
0.0
0.0
0.0
0.0
0.07244233612034266
0.0
0.0
0.0
0.07244233612034266
0.0
0.0
0.0
0.0
0.0
0.0
0.0
0.0
0.0
0.0
0.0
0.0
0.0
0.0
0.0
0.0
0.0
0.0
0.0
0.0
0.0
0.0
0.0
0.0
0.0
0.0
0.0
0.0
0.0
0.0
0.0
0.0
0.0
0.0
0.0
0.0
0.0
0.0
0.0
0.0
0.0
0.0630568153676188
0.0
0.07018069992535975
0.0
0.0
0.0
0.0
0.0
0.0
0.0
0.0
0.0
0.0
0.0
0
0
0
0
0
0
0
0
0
0
0
0
0
0
0
0
0
0
0
0
0
0
0
0
0
0
0
0.0
0.0
0.0
0.0
0.0
0.0
0.0
0.0
0.0
0.0
0.0
0.0
0.0
0.0
0.0
0.0
0.0
0.0
0.0
0.0
0.0
0.0
0.0
0.07244233612034273
0.07244233612034273
0
0
0
0
0
0
0
0
0
0
0
0
0
0
0
0
0
0
0
0
0
0
0
0
0
0
0
0
0
0
0
0
0
0
0.0
0.0
0.0
0.0
0.0
0.0
0.0
0.0
0.0
2.220053848716255e-14
0.0
0.0
0.0
0.0
0.0
0.0
0.0
0.0
0.0
0.0
0.0
0.0
0.0
0.0
0.0
0.03245647306260131
0.0
0.0
0.0
0.0
0.0
0.0
0.06961396524740601
0.0
0.0
0.0
0.0
0.0
0.0
0.0
2.220056980738422e-14
0.0
0.0
0.0
0.0
0.0
0.0
0.0
0.0
0.0
2.220056980738422e-14
0.0
0.0
0.0
0.0
0.0
0.0
0.0
0.0704639158561834
0.0
0.0
0.0
0.0
0.0
0.06989747326000291
0.0
0.0
0.0
0.0
0.0
0.0
0.0
0.0
0.0
0.0
0.0
0.0
0.0
0.0
0.0
0.0
0.0
0.0
0.0
0.0
0.0
0.0
0.0
0.0
0.0
0.0
0.0
3.787993561866803e-13
0.0
3.787993561866803e-13
0.0
0.0
0.0
0.0
0.0
0.0
0.0
0.0
0.0
0.0
0.07046391585618333
0.0
0.0
1.0
1.0
1.0
1.0
1.0
1.0
1.0
1.0
1.0
0.9577812466727567
1.0
1.0
0.130691966555887
1.0
1.0
1.0
1.0
1.0
1.0
1.0
1.0
1.0
0.1332664688807745
0.0
0.0
0.0
0.1332664688807745
0.0
0.0
0.0
0.0
0.0
0.07215999032443055
0.0
0.0
0.03245647306260118
0.0
0.0
0.0
0.0
0.0
0.0
0.0
0.0
0.0
0.0
0.0
0.0
0.0
0.0
0.0
0.0
0.0
0.0
0.0
0.0
0.0
0.0
0.0
0.0
0.0
0.0
0.0
0.0
0.0
0.0
0.0
0.0
0.0
0.0
0.0
0.0
2.220075117936149e-14
0.0
0.0
0.0
0.0
0.0
0.0
0.0
0.0
0.0
0.0
0.0
0.0
0.0
0.07300657279389935
0.0
0.07300657279389935
0.0
0.0
0.07300657279389935
0.0
0.0
0.0
0.0
0.0
0.0
0.0
0.0
0.0
0.0
0.0
0.0
0.0
2.220056980738423e-14
0.0
0.0
0.0
0.0730065727938993
0.0
2.220056980738423e-14
0.0
0.0
0.0
0.0730065727938993
0.0
0.0
0.0
0.0
0.0
0.0
0.0
0.0
0.0
0.0
0.0
0.0
0.0
0.0
0.07244233612034266
0.0
0.0
0.0
0.07244233612034266
0.0
0.0
0.0
0.0
0.0
0.0
0.0
0.0
0.0
0.0
0.0
0.0
0.0
0.0
0.0
0.0
0.0
0.0
0.0
