0.0
0.0
0.0
0.0
0.0
0.0
0.0
0.0
0.0
0.0
0.0
0.0
0.0
0.0
0.0
0.0
0.0
0.0
0.0
0.0
0.0
0.0
0.0630568153676188
0.0
0.07018069992535975
0.0
0.0
0.0
0.0
0.0
0.0
0.0
0.0
0.0
0.0
0.0
0
0
0
0
0
0
0
0
0
0
0
0
0
0
0
0
0
0
0
0
0
0
0
0
0
0
0
0.0
0.0
0.0
0.0
0.0
0.0
0.0
0.0
0.0
0.0
0.0
0.0
0.0
0.0
0.0
0.0
0.0
0.0
0.0
0.0
0.0
0.0
0.0
0.0724423361203427
0.0724423361203427
0
0
0
0
0
0
0
0
0
0
0
0
0
0
0
0
0
0
0
0
0
0
0
0
0
0
0
0
0
0
0
0
0
0
1.0
1.0
1.0
1.0
1.0
1.0
1.0
1.0
1.0
0.9714487670543906
1.0
1.0
1.0
1.0
1.0
1.0
1.0
1.0
1.0
1.0
1.0
1.0
1.0
1.0
1.0
0.9675435269371545
1.0
1.0
1.0
1.0
1.0
1.0
0.1646324170311275
1.0
0.0
0.0
0.0
0.0
0.0
0.0
2.220056980738422e-14
0.0
0.0
0.0
0.0
0.0
0.0
0.0
0.0
0.0
2.220056980738422e-14
0.0
0.0
0.0
0.0
0.0
0.0
0.0
0.0704639158561834
0.0
0.0
0.0
0.0
0.0
0.069897473260003
0.0
0.0
0.0
0.0
0.0
0.0
0.0
0.0
0.0
0.0
0.0
0.0
0.0
0.0
0.0
0.0
0.0
0.0
0.0
0.0
0.0
0.0
0.0
0.0
0.0
0.0
0.0
3.787993561866803e-13
0.0
3.787993561866803e-13
0.0
0.0
0.0
0.0
0.0
0.0
0.0
0.0
0.0
0.0
0.07046391585618328
0.0
0.0
0.0
0.0
0.0
0.0
0.0
0.0
0.0
0.0
0.0
0.0422187533269991
0.0
0.0
0.07244233612034275
0.0
0.0
0.0
0.0
0.0
0.0
0.0
0.0
0.0
0.06734599332334479
0.0
0.0
0.0
0.06734599332334479
0.0
0.0
0.0
0.0
0.0
0.07215999032443055
0.0
0.0
2.220056980738422e-14
0.0
0.0
0.0
0.0
0.0
0.0
0.0
0.0
0.0
0.0
0.0
0.0
0.0
0.0
0.0
0.0
0.0
0.0
0.0
0.0
0.0
0.0
0.0
0.0
0.0
0.0
0.0
0.0
0.0
0.0
0.0
0.0
0.0
0.0
0.0
0.0
2.220075117936149e-14
0.0
0.0
0.0
0.0
0.0
0.0
0.0
0.0
0.0
0.0
0.0
0.0
0.0
0.07300657279389927
0.0
0.07300657279389927
0.0
0.0
0.07300657279389927
0.0
0.0
0.0
0.0
0.0
0.0
0.0
0.0
0.0
0.0
0.0
0.0
0.0
2.220056980738423e-14
0.0
0.0
0.0
0.0730065727938993
0.0
2.220056980738423e-14
0.0
0.0
0.0
0.0730065727938993
0.0
0.0
0.0
0.0
0.0
0.0
0.0
0.0
0.0
0.0
0.0
0.0
0.0
0.0
0.07244233612034266
0.0
0.0
0.0
0.07244233612034266
0.0
0.0
0.0
0.0
0.0
0.0
0.0
0.0
0.0
0.0
0.0
0.0
0.0
0.0
0.0
0.0
0.0
0.0
0.0
0.0
0.0
0.0
0.0
0.0
0.0
0.0
0.0
0.0
0.0
0.0
0.0
0.0
0.0
0.0
0.0
0.0
0.0
0.0
0.0
0.0
0.0
0.0630568153676188
0.0
0.07018069992535975
0.0
0.0
0.0
0.0
0.0
0.0
0.0
0.0
0.0
0.0
0.0
0
0
0
0
0
0
0
0
0
0
0
0
0
0
0
0
0
0
0
0
0
0
0
0
0
0
0
0.0
0.0
0.0
0.0
0.0
0.0
0.0
0.0
0.0
0.0
0.0
0.0
0.0
0.0
0.0
0.0
0.0
0.0
0.0
0.0
0.0
0.0
0.0
0.0724423361203427
0.0724423361203427
0
0
0
0
0
0
0
0
0
0
0
0
0
0
0
0
0
0
0
0
0
0
0
0
0
0
0
0
0
0
0
0
0
0
1.0
1.0
1.0
1.0
1.0
1.0
1.0
1.0
1.0
0.9714487670543906
1.0
1.0
1.0
1.0
1.0
1.0
1.0
1.0
1.0
1.0
1.0
1.0
1.0
1.0
1.0
0.9675435269371545
1.0
1.0
1.0
1.0
1.0
1.0
0.1646324170311275
1.0
0.0
0.0
0.0
0.0
0.0
0.0
2.220056980738422e-14
0.0
0.0
0.0
0.0
0.0
0.0
0.0
0.0
0.0
2.220056980738422e-14
0.0
0.0
0.0
0.0
0.0
0.0
0.0
0.0704639158561834
0.0
0.0
0.0
0.0
0.0
0.069897473260003
0.0
0.0
0.0
0.0
0.0
0.0
0.0
0.0
0.0
0.0
0.0
0.0
0.0
0.0
0.0
0.0
0.0
0.0
0.0
0.0
0.0
0.0
0.0
0.0
0.0
0.0
0.0
3.787993561866803e-13
0.0
3.787993561866803e-13
0.0
0.0
0.0
0.0
0.0
0.0
0.0
0.0
0.0
0.0
0.07046391585618328
0.0
0.0
0.0
0.0
0.0
0.0
0.0
0.0
0.0
0.0
0.0
0.0422187533269991
0.0
0.0
0.07244233612034275
0.0
0.0
0.0
0.0
0.0
0.0
0.0
0.0
0.0
0.06734599332334479
0.0
0.0
0.0
0.06734599332334479
0.0
0.0
0.0
0.0
0.0
0.07215999032443055
0.0
0.0
2.220056980738422e-14
0.0
0.0
0.0
0.0
0.0
0.0
0.0
0.0
0.0
0.0
0.0
0.0
0.0
0.0
0.0
0.0
0.0
0.0
0.0
0.0
0.0
0.0
0.0
0.0
0.0
0.0
0.0
0.0
0.0
0.0
0.0
0.0
0.0
0.0
0.0
0.0
2.220075117936149e-14
0.0
0.0
0.0
0.0
0.0
0.0
0.0
0.0
0.0
0.0
0.0
0.0
0.0
0.07300657279389927
0.0
0.07300657279389927
0.0
0.0
0.07300657279389927
0.0
0.0
0.0
0.0
0.0
0.0
0.0
0.0
0.0
0.0
0.0
0.0
0.0
2.220056980738423e-14
0.0
0.0
0.0
0.0730065727938993
0.0
2.220056980738423e-14
0.0
0.0
0.0
0.0730065727938993
0.0
0.0
0.0
0.0
0.0
0.0
0.0
0.0
0.0
0.0
0.0
0.0
0.0
0.0
0.07244233612034266
0.0
0.0
0.0
0.07244233612034266
0.0
0.0
0.0
0.0
0.0
0.0
0.0
0.0
0.0
0.0
0.0
0.0
0.0
0.0
0.0
0.0
0.0
0.0
0.0
0.0
0.0
0.0
0.0
0.0
0.0
0.0
0.0
0.0
0.0
0.0
0.0
0.0
0.0
0.0
0.0
0.0
0.0
0.0
0.0
0.0
0.0
0.0630568153676188
0.0
0.07018069992535975
0.0
0.0
0.0
0.0
0.0
0.0
0.0
0.0
0.0
0.0
0.0
0
0
0
0
0
0
0
0
0
0
0
0
0
0
0
0
0
0
0
0
0
0
0
0
0
0
0
0.0
0.0
0.0
0.0
0.0
0.0
0.0
0.0
0.0
0.0
0.0
0.0
0.0
0.0
0.0
0.0
0.0
0.0
0.0
0.0
0.0
0.0
0.0
0.0724423361203427
0.0724423361203427
0
0
0
0
0
0
0
0
0
0
0
0
0
0
0
0
0
0
0
0
0
0
0
0
0
0
0
0
0
0
0
0
0
0
1.0
1.0
1.0
1.0
1.0
1.0
1.0
1.0
1.0
0.9714487670543906
1.0
1.0
1.0
1.0
1.0
1.0
1.0
1.0
1.0
1.0
1.0
1.0
1.0
1.0
1.0
0.9675435269371545
1.0
1.0
1.0
1.0
1.0
1.0
0.1646324170311275
1.0
0.0
0.0
0.0
0.0
0.0
0.0
2.220056980738422e-14
0.0
0.0
0.0
0.0
0.0
0.0
0.0
0.0
0.0
2.220056980738422e-14
0.0
0.0
0.0
0.0
0.0
0.0
0.0
0.0704639158561834
0.0
0.0
0.0
0.0
0.0
0.069897473260003
0.0
0.0
0.0
0.0
0.0
0.0
0.0
0.0
0.0
0.0
0.0
0.0
0.0
0.0
0.0
0.0
0.0
0.0
0.0
0.0
0.0
0.0
0.0
0.0
0.0
0.0
0.0
3.787993561866803e-13
0.0
3.787993561866803e-13
0.0
0.0
0.0
0.0
0.0
0.0
0.0
0.0
0.0
0.0
0.07046391585618328
0.0
0.0
0.0
0.0
0.0
0.0
0.0
0.0
0.0
0.0
0.0
0.0422187533269991
0.0
0.0
0.07244233612034275
0.0
0.0
0.0
0.0
0.0
0.0
0.0
0.0
0.0
0.06734599332334479
0.0
0.0
0.0
0.06734599332334479
0.0
0.0
0.0
0.0
0.0
0.07215999032443055
0.0
0.0
2.220056980738422e-14
0.0
0.0
0.0
0.0
0.0
0.0
0.0
0.0
0.0
0.0
0.0
0.0
0.0
0.0
0.0
0.0
0.0
0.0
0.0
0.0
0.0
0.0
0.0
0.0
0.0
0.0
0.0
0.0
0.0
0.0
0.0
0.0
0.0
0.0
0.0
0.0
2.220075117936149e-14
0.0
0.0
0.0
0.0
0.0
0.0
0.0
0.0
0.0
0.0
0.0
0.0
0.0
0.07300657279389927
0.0
0.07300657279389927
0.0
0.0
0.07300657279389927
0.0
0.0
0.0
0.0
0.0
0.0
0.0
0.0
0.0
0.0
0.0
0.0
0.0
2.220056980738423e-14
0.0
0.0
0.0
0.0730065727938993
0.0
2.220056980738423e-14
0.0
0.0
0.0
0.0730065727938993
0.0
0.0
0.0
0.0
0.0
0.0
0.0
0.0
0.0
0.0
0.0
0.0
0.0
0.0
0.07244233612034266
0.0
0.0
0.0
0.07244233612034266
0.0
0.0
0.0
0.0
0.0
0.0
0.0
0.0
0.0
0.0
0.0
0.0
0.0
0.0
0.0
0.0
0.0
0.0
0.0
