0.0005192629851446788
0.005105489383688021
0.0009724049018730315
0.0005504492318560332
0.0009108466823838468
0.0005192629851446788
0.005105489383688021
0.0009724049018730315
0.0005504492318560332
0.0009108466823838468
2.220442573471418e-14
2.220437330850884e-14
0.06630760005766792
2.220046728176072e-14
2.220046391126728e-14
2.220390230719243e-14
2.220045148909998e-14
2.220438513139229e-14
2.220439041535199e-14
2.220430397272772e-14
2.220133346568984e-14
2.220413232480862e-14
2.220379977625706e-14
2.22044604895432e-14
2.220446049021562e-14
2.220446048732752e-14
2.220445980221735e-14
2.220444877554965e-14
2.220443286796521e-14
2.22044104326462e-14
2.220445004257748e-14
2.220431647723602e-14
2.220446048801399e-14
2.22034652475438e-14
2.220315823876528e-14
0.000191733517277961
0.0001681674009815962
4.953094451192092e-05
4.953094451192092e-05
7.808049290111617e-05
4.694289792912774e-05
0.000191733517277961
0.0001681674009815962
4.953094451192092e-05
4.953094451192092e-05
7.808049290111617e-05
4.694289792912774e-05
2.220209999482863e-14
2.220213705509993e-14
2.220166493464837e-14
2.22018412214261e-14
2.220274477232917e-14
2.220166493464837e-14
2.220050161902607e-14
2.220213705509993e-14
2.220037575726588e-14
2.22018412214261e-14
2.220381225167898e-14
2.220416194256278e-14
2.220367342104901e-14
2.220317903326034e-14
4.542297623226832e-06
5.092437288008924e-07
1.372530070169882e-06
1.051853201775742e-06
1.372530070169882e-06
1.051853201775742e-06
0.0002754795496546631
0.0004417889368157752
0.0004417889368157752
0.000419508015057984
4.542297623226832e-06
5.092437288008924e-07
1.372530070169882e-06
1.051853201775742e-06
1.372530070169882e-06
1.051853201775742e-06
0.0002754795496546631
0.0004417889368157752
0.0004417889368157752
0.000419508015057984
2.220051732948816e-14
2.220048457302001e-14
2.220051732948816e-14
2.220044128503448e-14
2.220048457302001e-14
2.220304377446799e-14
2.220521545740448e-14
2.220513457774758e-14
2.219995960421621e-14
2.220432882349201e-14
2.220050193189904e-14
2.220049660192991e-14
2.220052652127488e-14
2.220047580858219e-14
2.220047187822218e-14
2.220048194606948e-14
2.220051327041304e-14
2.220047293735392e-14
2.220053006618889e-14
2.220047293735392e-14
0.003532134509544362
0.003247824384993379
0.001724575961928704
5.748890881490575e-06
0.0008894720074708304
0.003532134509544362
0.003247824384993379
0.001724575961928704
5.748890881490575e-06
0.0008894720074708304
2.220417333533425e-14
2.220426900533147e-14
0.06556740958355564
2.220287017902553e-14
2.220386496293361e-14
2.22044120977573e-14
2.22043929320063e-14
2.220046827968425e-14
2.220049026759837e-14
2.220046454433522e-14
2.220011369282512e-14
2.220013377462873e-14
2.219977802419092e-14
2.220446049221451e-14
2.220446048984824e-14
2.220446043571975e-14
2.220442441186293e-14
2.220432803755503e-14
2.22042877810636e-14
2.22043464120571e-14
2.220417495296593e-14
2.220414582307417e-14
2.220437407705914e-14
2.220048430229947e-14
2.220053817119666e-14
0.0001987396601530798
0.0001585048685370045
0.0001615783549403924
0.000448890587807454
0.0001987396601530798
0.0001585048685370045
0.0001615783549403924
0.000448890587807454
2.221215604680833e-14
4.959988330722975e-12
5.867336988948434e-12
2.220066568952338e-14
2.103292667941419e-13
1.775356809166023e-13
2.220056134109497e-14
5.877513652958979e-14
4.11391577976163e-14
2.430296735378001e-14
7.685547191503828e-11
1.43552582486025e-10
7.685547191503828e-11
1.134519997851998e-11
2.870062916531165e-11
9.015448505255259e-11
3.198761699414957e-07
0.001080758808534048
0.0008352448569048557
0.0006712354429201108
0.0009130132352080444
2.222441238584423e-14
2.220470008426598e-14
2.223907376295187e-14
2.220222383429488e-14
2.220427826672583e-14
2.172287614599267e-05
3.186620221807842e-05
2.172287614599267e-05
3.186620221807842e-05
2.220419794392671e-14
2.220290507432226e-14
2.220018813371084e-14
2.220023546543181e-14
2.220085209585561e-14
2.22005116709036e-14
2.220061807537373e-14
2.220057517485494e-14
2.220049563012068e-14
2.220440385408541e-14
2.220271992385328e-14
2.220394301491882e-14
2.220352034862417e-14
2.220047063476135e-14
2.220046223159859e-14
2.22004905385428e-14
2.220046697929396e-14
2.220046676726813e-14
0.01063735526870768
0.0001408748835698008
0.000212312617164108
0.001984757136035807
0.001899727389026138
0.00218495992439467
0.002921283756474203
0.003102355067549713
0.003102355067549713
0.01063735526870768
0.0001408748835698008
0.000212312617164108
0.001984757136035807
0.001899727389026138
0.00218495992439467
0.002921283756474203
0.003102355067549713
0.003102355067549713
2.220103886842375e-14
2.22013439074299e-14
2.220305111975272e-14
2.220321479111415e-14
2.220350177592873e-14
2.220049065529747e-14
2.220048106580274e-14
2.220050879420919e-14
2.220001756975596e-14
2.220041417273362e-14
2.22004556446622e-14
2.220056882237723e-14
2.220436111328728e-14
2.220442426722093e-14
2.220442426722093e-14
2.220434810997139e-14
2.220219955632497e-14
2.220367911185195e-14
2.220049353130557e-14
2.220051341120017e-14
2.220048082755198e-14
0.0003826351243476681
0.002384581667616129
0.0008921036746636824
0.003376050241206289
0.0003826351243476681
0.002384581667616129
0.0008921036746636824
0.003376050241206289
2.220145422857389e-14
2.635090874858751e-13
2.22005674872917e-14
2.220065308693116e-14
2.22031753433938e-14
2.220056057164725e-14
2.220446029439166e-14
2.220446014315952e-14
2.220442636822784e-14
2.220445223218791e-14
2.220431065369195e-14
2.220047019039599e-14
2.220053771945783e-14
2.220203149379014e-14
2.220394937331976e-14
2.22044604924715e-14
2.220446049246955e-14
2.220446049247686e-14
2.220045344002609e-14
2.220344453845915e-14
2.220121342999614e-14
2.220446047570344e-14
2.220445875363644e-14
2.220446048819061e-14
2.22044604383964e-14
2.220446001192796e-14
0.008404215408194837
0.01839500030083746
0.07628460899224071
0.0889717234099793
0.03129187302238876
0.02925361704521689
0.008404215408194837
0.01839500030083746
0.07628460899224071
0.0889717234099793
0.03129187302238876
0.02925361704521689
8.202158571849226e-14
0.05232380899570298
2.450044714525897e-13
1.338445980184317e-13
1.322248585984111e-12
1.864735268351947e-13
2.220055779609674e-14
2.220052880850666e-14
2.220059110299606e-14
2.220061238568534e-14
2.220048635688885e-14
2.220046405241167e-14
2.220372601860787e-14
2.220486785634827e-14
2.220050258017896e-14
2.220075377549588e-14
2.220392472035317e-14
2.220431382922439e-14
0.007120337053042843
0.1581067959231212
0.003949619649070495
0.003356970047367504
0.002358002667193806
0.002195921406156522
0.006215240960715592
0.004300794189596458
0.007368523988094821
0.006215240960715592
0.004300794189596458
0.007368523988094821
2.2204460492064e-14
2.220446048695497e-14
2.2204460492064e-14
0.0
0.06813555807806321
0.0
0.0
0.06813555807806321
0.0
0.0
0.06791396292494219
0.0
0.0
0.0
0.0
0.0
0.0
0.002112556665479286
0.01106103798388339
5.897896051200201e-05
0.005385149593536052
0.002112556665479286
0.01106103798388339
5.897896051200201e-05
0.005385149593536052
2.220090144201894e-14
2.220115259462555e-14
0.06578938431421791
2.220084830661365e-14
2.220245445786725e-14
2.220055243106253e-14
2.220059804389285e-14
2.220060563472736e-14
2.220047929233541e-14
2.220048226781835e-14
2.220048098688081e-14
2.220395329017769e-14
2.220053540762705e-14
2.220045783035099e-14
2.22042600729741e-14
2.220346340160446e-14
2.220376958934152e-14
2.220357000568487e-14
2.220343319638268e-14
2.220046628729174e-14
2.220045317654045e-14
2.220046036085326e-14
2.220045910484164e-14
2.220046036085326e-14
2.220045711407521e-14
2.220045857772772e-14
0.002709390248723607
0.002270890238505201
0.0006224099043126403
0.0003172864306531792
0.0005435198049807844
0.1251855614235293
0.2416638454882719
0.002709390248723607
0.002270890238505201
0.0006224099043126403
0.0003172864306531792
0.0005435198049807844
0.1251855614235293
0.2416638454882719
2.220406612842029e-14
2.220054855725745e-14
2.220394584868614e-14
2.220046016326333e-14
2.220049005578764e-14
2.220048383412865e-14
2.220045491221285e-14
2.220061467413922e-14
2.220324212667285e-14
2.220446036281961e-14
2.220446036399863e-14
2.220445213172837e-14
2.22044599715527e-14
2.22034301546308e-14
2.220411911729447e-14
2.22041237219693e-14
2.220400057863395e-14
2.220021281985191e-14
2.220446049249884e-14
2.220446048248588e-14
2.2204460491071e-14
2.220446048592521e-14
2.220446048791626e-14
0.006118783516572792
0.005176304751958342
0.007977264727374006
0.007995422824332882
0.006118783516572792
0.005176304751958342
0.007977264727374006
0.007995422824332882
2.22004739890072e-14
2.220437461588587e-14
2.2204450269411e-14
2.220439767663159e-14
2.220362432522802e-14
2.220445361593105e-14
2.220421955395257e-14
2.220440240329919e-14
2.220400042921538e-14
2.220440962498692e-14
2.220435311204887e-14
2.220446049243749e-14
2.220414512631517e-14
2.220427637480441e-14
2.22044135288996e-14
2.220330793696162e-14
0.4638499663832919
0.9988541811564191
0.8300402047219878
0.9976776970873419
0.9925201046171709
0.9928904647531329
0.9927047251264072
0.4638499663832919
0.9988541811564191
0.8300402047219878
0.9976776970873419
0.9925201046171709
0.9928904647531329
0.9927047251264072
0.9998599978634021
0.9993297039837894
0.999956407772507
0.9919231994100848
0.9938475193854556
0.996225796126984
0.9999570370315009
0.999825594063475
0.9998666505034294
0.215450264048904
0.9997205802165043
0.9999999893150141
0.9999999979816888
0.9999999948624856
0.9999999456060302
0.9999999889319426
0.9999999977520205
0.9999948877686698
0.9998911016740055
0.9999982904468697
0.9999124299048434
0.9999672250401536
0.9993608868731033
