1.537407474983082e-05
2.709564344502851e-08
2.220129009079646e-14
2.22035874103953e-14
4.326331246226668e-08
1.537407474983082e-05
2.709564344502851e-08
2.220129009079646e-14
2.22035874103953e-14
4.326331246226668e-08
2.220442573471418e-14
2.220437330850884e-14
0.06630760005766786
2.220046728176072e-14
2.220046391126728e-14
2.220390230719243e-14
2.220045148909998e-14
2.220438513139229e-14
2.220439041535199e-14
2.220430397272772e-14
2.220133346568984e-14
2.220413232480862e-14
2.220379977625706e-14
2.22044604895432e-14
2.220446049021562e-14
2.220446048732752e-14
2.220445980221735e-14
2.220444877554965e-14
2.220443286796521e-14
2.22044104326462e-14
2.220445004257748e-14
2.220431647723602e-14
2.220446048801399e-14
2.22034652475438e-14
2.220315823876528e-14
0.003156155501790893
0.003756069609945465
0.001229793542055115
0.001229793542055115
0.00372041350719354
0.000146440747351265
0.003156155501790893
0.003756069609945465
0.001229793542055115
0.001229793542055115
0.00372041350719354
0.000146440747351265
2.220209999482863e-14
2.220213705509993e-14
2.220166493464837e-14
2.22018412214261e-14
2.220274477232917e-14
2.220166493464837e-14
2.220050161902607e-14
2.220213705509993e-14
2.220037575726588e-14
2.22018412214261e-14
2.220381225167898e-14
2.220416194256278e-14
2.220367342104901e-14
2.220317903326034e-14
0.0001131482454635265
5.859820965660081e-05
0.0002138541451214554
0.0001157857346776309
0.0002138541451214554
0.0001157857346776309
1.934117768519865e-07
2.408944913099082e-07
2.408944913099082e-07
1.452595950011089e-07
0.0001131482454635265
5.859820965660081e-05
0.0002138541451214554
0.0001157857346776309
0.0002138541451214554
0.0001157857346776309
1.934117768519865e-07
2.408944913099082e-07
2.408944913099082e-07
1.452595950011089e-07
2.220051732948816e-14
2.220048457302001e-14
2.220051732948816e-14
2.220044128503448e-14
2.220048457302001e-14
2.220304377446799e-14
2.220521545740448e-14
2.220513457774758e-14
2.219995960421621e-14
2.220432882349201e-14
2.220050193189904e-14
2.220049660192991e-14
2.220052652127488e-14
2.220047580858219e-14
2.220047187822218e-14
2.220048194606948e-14
2.220051327041304e-14
2.220047293735392e-14
2.220053006618889e-14
2.220047293735392e-14
0.003214135741797963
0.0071144963042702
0.003841027055542002
1.412947274614401e-05
0.003157216724858107
0.003214135741797963
0.0071144963042702
0.003841027055542002
1.412947274614401e-05
0.003157216724858107
2.220417333533425e-14
2.220426900533147e-14
0.0655674095835557
2.220287017902553e-14
2.220386496293361e-14
2.22044120977573e-14
2.22043929320063e-14
2.220046827968425e-14
2.220049026759837e-14
2.220046454433522e-14
2.220011369282512e-14
2.220013377462873e-14
2.219977802419092e-14
2.220446049221451e-14
2.220446048984824e-14
2.220446043571975e-14
2.220442441186293e-14
2.220432803755503e-14
2.22042877810636e-14
2.22043464120571e-14
2.220417495296593e-14
2.220414582307417e-14
2.220437407705914e-14
2.220048430229947e-14
2.220053817119666e-14
0.003041117299899843
0.01087949166934756
0.002168341059997211
0.08955338196724966
0.003041117299899843
0.01087949166934756
0.002168341059997211
0.08955338196724966
2.221215604680834e-14
4.959988330722983e-12
5.867336988948442e-12
2.220066568952338e-14
2.103292667941419e-13
1.775356809165886e-13
2.220056134109497e-14
5.877513652958984e-14
4.113915779761641e-14
0.08021926713536398
7.685547191502736e-11
1.435525824860247e-10
7.685547191502736e-11
1.134519997851916e-11
2.870062916531166e-11
9.015448505255255e-11
3.198761699414983e-07
0.001080758808534051
0.0008352448569048648
0.000671235442920116
0.000913013235208047
2.222441238584423e-14
2.220470008426598e-14
2.223907376295188e-14
2.220222383429488e-14
2.220427826672583e-14
1.035758758312286e-06
0.00357467437541986
1.035758758312286e-06
0.00357467437541986
2.220419794392671e-14
2.220290507432226e-14
2.220018813371084e-14
2.220023546543181e-14
2.220085209585561e-14
2.22005116709036e-14
2.220061807537373e-14
2.220057517485494e-14
2.220049563012068e-14
2.220440385408541e-14
2.220271992385328e-14
2.220394301491882e-14
2.220352034862417e-14
2.220047063476135e-14
2.220046223159859e-14
2.22004905385428e-14
2.220046697929396e-14
2.220046676726813e-14
0.005161125760595291
0.001890123900690571
0.004211015005981211
1.335638670813038e-06
2.638846359063972e-06
1.581363876800566e-06
1.545545869648017e-06
4.306372714648739e-06
4.306372714648739e-06
0.005161125760595291
0.001890123900690571
0.004211015005981211
1.335638670813038e-06
2.638846359063972e-06
1.581363876800566e-06
1.545545869648017e-06
4.306372714648739e-06
4.306372714648739e-06
2.220103886842375e-14
2.22013439074299e-14
2.220305111975272e-14
2.220321479111415e-14
2.220350177592873e-14
2.220049065529747e-14
2.220048106580274e-14
2.220050879420919e-14
2.220001756975596e-14
2.220041417273362e-14
2.22004556446622e-14
2.220056882237723e-14
2.220436111328728e-14
2.220442426722093e-14
2.220442426722093e-14
2.220434810997139e-14
2.220219955632497e-14
2.220367911185195e-14
2.220049353130557e-14
2.220051341120017e-14
2.220048082755198e-14
0.9810946792993004
0.9924688134069539
0.9949066763934443
0.9943458073853689
0.9810946792993004
0.9924688134069539
0.9949066763934443
0.9943458073853689
0.9936958044963974
0.3063741552816472
0.9969151355277124
0.9714382652004924
0.9991877683556759
0.9833554873591365
0.9999998750901593
0.9999997797375845
0.9999784831485982
0.9999947917591285
0.9999054997789464
0.9951383541507078
0.9857347470188389
0.9984615481362299
0.9996774313606345
0.9999999999803044
0.9999999999790911
0.9999999999836845
0.9970566585384769
0.9993582259384709
0.9979402416417017
0.9999999894079991
0.9999989036344267
0.9999999972812119
0.9999999658857555
0.9999996969954599
0.05892042491107581
0.06869191527998572
0.02605602292469178
0.08306890972227327
0.0555418957010818
0.00377466222226809
0.05892042491107581
0.06869191527998572
0.02605602292469178
0.08306890972227327
0.0555418957010818
0.00377466222226809
8.202158571849235e-14
0.05232380899570297
2.450044714525733e-13
1.33844598018432e-13
1.322248585984133e-12
1.86473526835195e-13
2.220055779609674e-14
2.220052880850666e-14
2.220059110299606e-14
2.220061238568534e-14
2.220048635688885e-14
2.220046405241167e-14
2.220372601860787e-14
2.220486785634828e-14
2.220050258017896e-14
2.220075377549588e-14
2.220392472035317e-14
2.220431382922439e-14
0.007120337053042842
0.1475904755579488
0.003949619649070508
0.00335697004736752
0.002358002667193815
0.002195921406156532
0.004141978259056921
0.001813487344608975
0.0002141007644861445
0.004141978259056921
0.001813487344608975
0.0002141007644861445
2.2204460492064e-14
2.220446048695497e-14
2.2204460492064e-14
0.0
0.0681355580780632
0.0
0.0
0.0681355580780632
0.0
0.0
0.06791396292494295
0.0
0.0
0.0
0.0
0.0
0.0
3.639560393154926e-06
3.021858379805187e-05
3.374870260518361e-05
0.000110120649122069
3.639560393154926e-06
3.021858379805187e-05
3.374870260518361e-05
0.000110120649122069
2.220090144201894e-14
2.220115259462555e-14
0.06578938431421785
2.220084830661365e-14
2.220245445786725e-14
2.220055243106253e-14
2.220059804389285e-14
2.220060563472736e-14
2.220047929233541e-14
2.220048226781835e-14
2.220048098688081e-14
2.220395329017769e-14
2.220053540762705e-14
2.220045783035099e-14
2.22042600729741e-14
2.220346340160446e-14
2.220376958934152e-14
2.220357000568487e-14
2.220343319638268e-14
2.220046628729174e-14
2.220045317654045e-14
2.220046036085326e-14
2.220045910484164e-14
2.220046036085326e-14
2.220045711407521e-14
2.220045857772772e-14
2.220045184152842e-14
2.220083327683889e-14
2.220346251728673e-14
8.969218525104245e-12
2.22035972907995e-14
0.0203721332550915
0.1723577085793561
2.220045184152842e-14
2.220083327683889e-14
2.220346251728673e-14
8.969218525104245e-12
2.22035972907995e-14
0.0203721332550915
0.1723577085793561
2.220406612842029e-14
2.220054855725745e-14
2.220394584868614e-14
2.220046016326333e-14
2.220049005578764e-14
2.220048383412865e-14
2.220045491221285e-14
2.220061467413922e-14
2.220324212667285e-14
2.220446036281961e-14
2.220446036399863e-14
2.220445213172837e-14
2.22044599715527e-14
2.22034301546308e-14
2.220411911729447e-14
2.22041237219693e-14
2.220400057863395e-14
2.220021281985191e-14
2.220446049249884e-14
2.220446048248588e-14
2.2204460491071e-14
2.220446048592521e-14
2.220446048791626e-14
1.146746223084946e-06
1.121784466201738e-08
2.220064397577884e-06
3.191777849177357e-06
1.146746223084946e-06
1.121784466201738e-08
2.220064397577884e-06
3.191777849177357e-06
2.22004739890072e-14
2.220437461588587e-14
2.2204450269411e-14
2.220439767663159e-14
2.220362432522802e-14
2.220445361593105e-14
2.220421955395257e-14
2.220440240329919e-14
2.220400042921538e-14
2.220440962498692e-14
2.220435311204887e-14
2.220446049243749e-14
2.220414512631517e-14
2.220427637480441e-14
2.22044135288996e-14
2.220330793696162e-14
2.587080068177302e-08
9.05409965504971e-05
2.808360080919305e-06
0.001375401262207166
0.0001143890729960009
0.00412999752148308
0.0003592124841322058
2.587080068177302e-08
9.05409965504971e-05
2.808360080919305e-06
0.001375401262207166
0.0001143890729960009
0.00412999752148308
0.0003592124841322058
2.220423853592236e-14
2.220339947629399e-14
2.220439136265852e-14
2.22008237917724e-14
2.220049767811274e-14
2.220047705484947e-14
2.220439236042983e-14
2.220418402080653e-14
2.220424907874407e-14
0.04375789754098766
2.220401768764501e-14
2.2204460475556e-14
2.220446048930163e-14
2.220446048435447e-14
2.220446040623213e-14
2.220446047494844e-14
2.220446048893737e-14
2.220445238445755e-14
2.220428783148115e-14
2.220445778110883e-14
2.220432163921471e-14
2.220440851534805e-14
2.220344874289504e-14
