2.220354326486146e-14
2.219724385911862e-14
2.220129009079646e-14
2.22035874103953e-14
2.220038351849645e-14
2.220354326486146e-14
2.219724385911862e-14
2.220129009079646e-14
2.22035874103953e-14
2.220038351849645e-14
2.220442573471418e-14
2.220437330850884e-14
0.06630760005766703
2.220046728176072e-14
2.220046391126728e-14
2.220390230719243e-14
2.220045148909998e-14
2.220438513139229e-14
2.220439041535199e-14
2.220430397272772e-14
2.220133346568984e-14
2.220413232480862e-14
2.220379977625706e-14
2.22044604895432e-14
2.220446049021562e-14
2.220446048732752e-14
2.220445980221735e-14
2.220444877554965e-14
2.220443286796521e-14
2.22044104326462e-14
2.220445004257748e-14
2.220431647723602e-14
2.220446048801399e-14
2.22034652475438e-14
2.220315823876528e-14
2.220212314026267e-14
2.220250803685568e-14
2.219909597434914e-14
2.219909597434914e-14
2.220195789628841e-14
2.220060066890374e-14
2.220212314026267e-14
2.220250803685568e-14
2.219909597434914e-14
2.219909597434914e-14
2.220195789628841e-14
2.220060066890374e-14
2.220209999482863e-14
2.220213705509993e-14
2.220166493464837e-14
2.22018412214261e-14
2.220274477232917e-14
2.220166493464837e-14
2.220050161902607e-14
2.220213705509993e-14
2.220037575726588e-14
2.22018412214261e-14
2.220381225167898e-14
2.220416194256278e-14
2.220367342104901e-14
2.220317903326034e-14
2.219981234303731e-14
2.220028790736916e-14
2.22001243516345e-14
2.219980623313907e-14
2.22001243516345e-14
2.219980623313907e-14
2.219960180234737e-14
2.219941199077461e-14
2.219941199077461e-14
2.220001920529402e-14
2.219981234303731e-14
2.220028790736916e-14
2.22001243516345e-14
2.219980623313907e-14
2.22001243516345e-14
2.219980623313907e-14
2.219960180234737e-14
2.219941199077461e-14
2.219941199077461e-14
2.220001920529402e-14
2.220051732948816e-14
2.220048457302001e-14
2.220051732948816e-14
2.220044128503448e-14
2.220048457302001e-14
2.220304377446799e-14
2.220521545740448e-14
2.220513457774758e-14
2.219995960421621e-14
2.220432882349201e-14
2.220050193189904e-14
2.220049660192991e-14
2.220052652127488e-14
2.220047580858219e-14
2.220047187822218e-14
2.220048194606948e-14
2.220051327041304e-14
2.220047293735392e-14
2.220053006618889e-14
2.220047293735392e-14
0.9931945216403959
0.9896184747180442
0.9944069922488951
0.9565920593391233
0.971900523416159
0.9931945216403959
0.9896184747180442
0.9944069922488951
0.9565920593391233
0.971900523416159
0.9998188497766063
0.9998792236894894
0.1458332022410771
0.9859054182311542
0.9996241007815707
0.9999694841837401
0.9999573975034228
0.9955842187928428
0.9932480589418554
0.9957267946900978
0.9828323077837159
0.981940380247319
0.9804131586339205
0.9999999998182715
0.9999999983263337
0.9999999641980949
0.9999772494922138
0.9999164661143574
0.9998910698651686
0.9999280566093187
0.9998198707882953
0.999801483805106
0.9999455059897
0.993123717599836
0.9873254769234948
2.220243693472627e-14
2.220508375124404e-14
2.220042488067646e-14
2.2191637619831e-14
2.220243693472627e-14
2.220508375124404e-14
2.220042488067646e-14
2.2191637619831e-14
2.221215604680833e-14
4.959988330722986e-12
5.867336988948436e-12
2.220066568952338e-14
2.103292667941419e-13
1.775356809165891e-13
2.220056134109497e-14
5.877513652958984e-14
4.113915779761638e-14
2.430296735377982e-14
7.685547191502728e-11
1.43552582486025e-10
7.685547191502728e-11
1.134519997851919e-11
2.870062916531174e-11
9.015448505255229e-11
3.198761699414997e-07
0.001080758808533909
0.0008352448569048653
0.0006712354429200237
0.0009130132352079246
2.222441238584423e-14
2.220470008426598e-14
2.223907376295188e-14
2.220222383429488e-14
2.220427826672583e-14
2.220050444344627e-14
2.220177317668286e-14
2.220050444344627e-14
2.220177317668286e-14
2.220419794392671e-14
2.220290507432226e-14
2.220018813371084e-14
2.220023546543181e-14
2.220085209585561e-14
2.22005116709036e-14
2.220061807537373e-14
2.220057517485494e-14
2.220049563012068e-14
2.220440385408541e-14
2.220271992385328e-14
2.220394301491882e-14
2.220352034862417e-14
2.220047063476135e-14
2.220046223159859e-14
2.22004905385428e-14
2.220046697929396e-14
2.220046676726813e-14
2.220390008392475e-14
2.219960014231026e-14
2.220081542639646e-14
2.220080908319308e-14
2.220088630585379e-14
2.220115486513129e-14
2.219960970049875e-14
2.220063656624046e-14
2.220063656624046e-14
2.220390008392475e-14
2.219960014231026e-14
2.220081542639646e-14
2.220080908319308e-14
2.220088630585379e-14
2.220115486513129e-14
2.219960970049875e-14
2.220063656624046e-14
2.220063656624046e-14
2.220103886842375e-14
2.22013439074299e-14
2.220305111975272e-14
2.220321479111415e-14
2.220350177592873e-14
2.220049065529747e-14
2.220048106580274e-14
2.220050879420919e-14
2.220001756975596e-14
2.220041417273362e-14
2.22004556446622e-14
2.220056882237723e-14
2.220436111328728e-14
2.220442426722093e-14
2.220442426722093e-14
2.220434810997139e-14
2.220219955632497e-14
2.220367911185195e-14
2.220049353130557e-14
2.220051341120017e-14
2.220048082755198e-14
2.21997794904022e-14
2.220213695657726e-14
2.220114132704331e-14
2.2201060762435e-14
2.21997794904022e-14
2.220213695657726e-14
2.220114132704331e-14
2.2201060762435e-14
2.220145422857389e-14
2.635090874858738e-13
2.22005674872917e-14
2.220065308693116e-14
2.22031753433938e-14
2.220056057164725e-14
2.220446029439166e-14
2.220446014315952e-14
2.220442636822784e-14
2.220445223218791e-14
2.220431065369195e-14
2.220047019039599e-14
2.220053771945783e-14
2.220203149379014e-14
2.220394937331976e-14
2.22044604924715e-14
2.220446049246955e-14
2.220446049247686e-14
2.220045344002609e-14
2.220344453845915e-14
2.220121342999614e-14
2.220446047570344e-14
2.220445875363644e-14
2.220446048819061e-14
2.22044604383964e-14
2.220446001192796e-14
2.99024306729073e-13
5.754047006467585e-13
9.896464866379283e-13
5.083180775119787e-13
4.562979721555551e-12
5.351359714835633e-12
2.99024306729073e-13
5.754047006467585e-13
9.896464866379283e-13
5.083180775119787e-13
4.562979721555551e-12
5.351359714835633e-12
8.202158571849237e-14
0.05232380899570299
2.450044714525736e-13
1.338445980184317e-13
1.322248585984123e-12
1.864735268351949e-13
2.220055779609674e-14
2.220052880850666e-14
2.220059110299606e-14
2.220061238568534e-14
2.220048635688885e-14
2.220046405241167e-14
2.220372601860787e-14
2.220486785634828e-14
2.220050258017896e-14
2.220075377549588e-14
2.220392472035317e-14
2.220431382922439e-14
0.007120337053042844
5.920712466666299e-14
0.003949619649070518
0.00335697004736753
0.002358002667193814
0.002195921406156534
2.220290678628148e-14
2.22017405453415e-14
2.220064898433532e-14
2.220290678628148e-14
2.22017405453415e-14
2.220064898433532e-14
2.2204460492064e-14
2.220446048695497e-14
2.2204460492064e-14
0.0
0.0681355580780632
0.0
0.0
0.0681355580780632
0.0
0.0
0.06791396292494292
0.0
0.0
0.0
0.0
0.0
0.0
2.220202259580374e-14
2.220164334019228e-14
2.220055470961675e-14
2.220209289732531e-14
2.220202259580374e-14
2.220164334019228e-14
2.220055470961675e-14
2.220209289732531e-14
2.220090144201894e-14
2.220115259462555e-14
0.06578938431421778
2.220084830661365e-14
2.220245445786725e-14
2.220055243106253e-14
2.220059804389285e-14
2.220060563472736e-14
2.220047929233541e-14
2.220048226781835e-14
2.220048098688081e-14
2.220395329017769e-14
2.220053540762705e-14
2.220045783035099e-14
2.22042600729741e-14
2.220346340160446e-14
2.220376958934152e-14
2.220357000568487e-14
2.220343319638268e-14
2.220046628729174e-14
2.220045317654045e-14
2.220046036085326e-14
2.220045910484164e-14
2.220046036085326e-14
2.220045711407521e-14
2.220045857772772e-14
2.220045184152842e-14
2.220083327683889e-14
2.220346251728673e-14
2.220353447840704e-14
2.22035972907995e-14
6.437262734702632e-11
5.252420422451963e-09
2.220045184152842e-14
2.220083327683889e-14
2.220346251728673e-14
2.220353447840704e-14
2.22035972907995e-14
6.437262734702632e-11
5.252420422451963e-09
2.220406612842029e-14
2.220054855725745e-14
2.220394584868614e-14
2.220046016326333e-14
2.220049005578764e-14
2.220048383412865e-14
2.220045491221285e-14
2.220061467413922e-14
2.220324212667285e-14
2.220446036281961e-14
2.220446036399863e-14
2.220445213172837e-14
2.22044599715527e-14
2.22034301546308e-14
2.220411911729447e-14
2.22041237219693e-14
2.220400057863395e-14
2.220021281985191e-14
2.220446049249884e-14
2.220446048248588e-14
2.2204460491071e-14
2.220446048592521e-14
2.220446048791626e-14
2.220286953098906e-14
2.22020004543127e-14
2.220177678182007e-14
2.220172446129484e-14
2.220286953098906e-14
2.22020004543127e-14
2.220177678182007e-14
2.220172446129484e-14
2.22004739890072e-14
2.220437461588587e-14
2.2204450269411e-14
2.220439767663159e-14
2.220362432522802e-14
2.220445361593105e-14
2.220421955395257e-14
2.220440240329919e-14
2.220400042921538e-14
2.220440962498692e-14
2.220435311204887e-14
2.220446049243749e-14
2.220414512631517e-14
2.220427637480441e-14
2.22044135288996e-14
2.220330793696162e-14
2.220381004482928e-14
2.221371662042379e-14
2.220172627138793e-14
1.548504919928393e-13
2.829414620766305e-14
6.492938409566582e-14
4.261005234874408e-14
2.220381004482928e-14
2.221371662042379e-14
2.220172627138793e-14
1.548504919928393e-13
2.829414620766305e-14
6.492938409566582e-14
4.261005234874408e-14
2.220423853592236e-14
2.220339947629399e-14
2.220439136265852e-14
2.22008237917724e-14
2.220049767811274e-14
2.220047705484947e-14
2.220439236042983e-14
2.220418402080653e-14
2.220424907874407e-14
0.04375789754098765
2.220401768764501e-14
2.2204460475556e-14
2.220446048930163e-14
2.220446048435447e-14
2.220446040623213e-14
2.220446047494844e-14
2.220446048893737e-14
2.220445238445755e-14
2.220428783148115e-14
2.220445778110883e-14
2.220432163921471e-14
2.220440851534805e-14
2.220344874289504e-14
