0.9994206975242372
0.9394886637886186
0.9979891522677208
0.9994486243843222
0.984561418708875
0.9994206975242372
0.9394886637886186
0.9979891522677208
0.9994486243843222
0.984561418708875
0.999978083664702
0.9999450212595477
0.1372427828994697
0.9957919940685669
0.9961915569978468
0.9996476969850979
0.9974398684546771
0.9999524778817533
0.9999558103378846
0.9999012850103123
0.998016834883345
0.9997929629339368
0.9995829042479801
0.9999999981340012
0.9999999985579655
0.9999999967370008
0.9999995647717844
0.9999926122543608
0.9999825817279265
0.9999684341329537
0.9999934111532341
0.9999091735487351
0.9999999971698488
0.999371332053908
0.999176932046216
2.220212314026267e-14
2.220250803685568e-14
2.219909597434914e-14
2.219909597434914e-14
2.220195789628841e-14
2.220060066890374e-14
2.220212314026267e-14
2.220250803685568e-14
2.219909597434914e-14
2.219909597434914e-14
2.220195789628841e-14
2.220060066890374e-14
2.220209999482863e-14
2.220213705509993e-14
2.220166493464837e-14
2.22018412214261e-14
2.220274477232917e-14
2.220166493464837e-14
2.220050161902607e-14
2.220213705509993e-14
2.220037575726588e-14
2.22018412214261e-14
2.220381225167898e-14
2.220416194256278e-14
2.220367342104901e-14
2.220317903326034e-14
2.219981234303731e-14
2.220028790736916e-14
2.22001243516345e-14
2.219980623313907e-14
2.22001243516345e-14
2.219980623313907e-14
2.219960180234737e-14
2.219941199077461e-14
2.219941199077461e-14
2.220001920529402e-14
2.219981234303731e-14
2.220028790736916e-14
2.22001243516345e-14
2.219980623313907e-14
2.22001243516345e-14
2.219980623313907e-14
2.219960180234737e-14
2.219941199077461e-14
2.219941199077461e-14
2.220001920529402e-14
2.220051732948816e-14
2.220048457302001e-14
2.220051732948816e-14
2.220044128503448e-14
2.220048457302001e-14
2.220304377446799e-14
2.220521545740448e-14
2.220513457774758e-14
2.219995960421621e-14
2.220432882349201e-14
2.220050193189904e-14
2.220049660192991e-14
2.220052652127488e-14
2.220047580858219e-14
2.220047187822218e-14
2.220048194606948e-14
2.220051327041304e-14
2.220047293735392e-14
2.220053006618889e-14
2.220047293735392e-14
2.220224564866747e-14
2.220259591067232e-14
2.220165242699488e-14
0.04329379639805732
2.220036977444469e-14
2.220224564866747e-14
2.220259591067232e-14
2.220165242699488e-14
0.04329379639805732
2.220036977444469e-14
2.220417333533425e-14
2.220426900533147e-14
0.06556740958355567
2.220287017902553e-14
2.220386496293361e-14
2.22044120977573e-14
2.22043929320063e-14
2.220046827968425e-14
2.220049026759837e-14
2.220046454433522e-14
2.220011369282512e-14
2.220013377462873e-14
2.219977802419092e-14
2.220446049221451e-14
2.220446048984824e-14
2.220446043571975e-14
2.220442441186293e-14
2.220432803755503e-14
2.22042877810636e-14
2.22043464120571e-14
2.220417495296593e-14
2.220414582307417e-14
2.220437407705914e-14
2.220048430229947e-14
2.220053817119666e-14
2.220243693472627e-14
2.220508375124404e-14
2.220042488067646e-14
2.2191637619831e-14
2.220243693472627e-14
2.220508375124404e-14
2.220042488067646e-14
2.2191637619831e-14
2.221215604680833e-14
4.959988330722988e-12
5.867336988948442e-12
2.220066568952338e-14
2.103292667941419e-13
1.775356809165895e-13
2.220056134109497e-14
5.877513652958984e-14
4.113915779761634e-14
2.430296735377984e-14
7.685547191502741e-11
1.435525824860252e-10
7.685547191502741e-11
1.13451999785192e-11
2.870062916531176e-11
9.01544850525531e-11
3.198761699415005e-07
0.001080758808533918
0.00083524485690487
0.0006712354429200273
0.000913013235207932
2.222441238584423e-14
2.220470008426598e-14
2.223907376295188e-14
2.220222383429488e-14
2.220427826672583e-14
2.220050444344627e-14
2.220177317668286e-14
2.220050444344627e-14
2.220177317668286e-14
2.220419794392671e-14
2.220290507432226e-14
2.220018813371084e-14
2.220023546543181e-14
2.220085209585561e-14
2.22005116709036e-14
2.220061807537373e-14
2.220057517485494e-14
2.220049563012068e-14
2.220440385408541e-14
2.220271992385328e-14
2.220394301491882e-14
2.220352034862417e-14
2.220047063476135e-14
2.220046223159859e-14
2.22004905385428e-14
2.220046697929396e-14
2.220046676726813e-14
2.220390008392475e-14
2.219960014231026e-14
2.220081542639646e-14
2.220080908319308e-14
2.220088630585379e-14
2.220115486513129e-14
2.219960970049875e-14
2.220063656624046e-14
2.220063656624046e-14
2.220390008392475e-14
2.219960014231026e-14
2.220081542639646e-14
2.220080908319308e-14
2.220088630585379e-14
2.220115486513129e-14
2.219960970049875e-14
2.220063656624046e-14
2.220063656624046e-14
2.220103886842375e-14
2.22013439074299e-14
2.220305111975272e-14
2.220321479111415e-14
2.220350177592873e-14
2.220049065529747e-14
2.220048106580274e-14
2.220050879420919e-14
2.220001756975596e-14
2.220041417273362e-14
2.22004556446622e-14
2.220056882237723e-14
2.220436111328728e-14
2.220442426722093e-14
2.220442426722093e-14
2.220434810997139e-14
2.220219955632497e-14
2.220367911185195e-14
2.220049353130557e-14
2.220051341120017e-14
2.220048082755198e-14
2.21997794904022e-14
2.220213695657726e-14
2.220114132704331e-14
2.2201060762435e-14
2.21997794904022e-14
2.220213695657726e-14
2.220114132704331e-14
2.2201060762435e-14
2.220145422857389e-14
2.635090874858741e-13
2.22005674872917e-14
2.220065308693116e-14
2.22031753433938e-14
2.220056057164725e-14
2.220446029439166e-14
2.220446014315952e-14
2.220442636822784e-14
2.220445223218791e-14
2.220431065369195e-14
2.220047019039599e-14
2.220053771945783e-14
2.220203149379014e-14
2.220394937331976e-14
2.22044604924715e-14
2.220446049246955e-14
2.220446049247686e-14
2.220045344002609e-14
2.220344453845915e-14
2.220121342999614e-14
2.220446047570344e-14
2.220445875363644e-14
2.220446048819061e-14
2.22044604383964e-14
2.220446001192796e-14
2.990243067290746e-13
5.754047006467601e-13
9.896464866379299e-13
5.083180775119796e-13
4.562979721555562e-12
5.351359714835675e-12
2.990243067290746e-13
5.754047006467601e-13
9.896464866379299e-13
5.083180775119796e-13
4.562979721555562e-12
5.351359714835675e-12
8.202158571849252e-14
0.05232380899570301
2.450044714525744e-13
1.338445980184319e-13
1.322248585984132e-12
1.864735268351956e-13
2.220055779609674e-14
2.220052880850666e-14
2.220059110299606e-14
2.220061238568534e-14
2.220048635688885e-14
2.220046405241167e-14
2.220372601860787e-14
2.220486785634828e-14
2.220050258017896e-14
2.220075377549588e-14
2.220392472035317e-14
2.220431382922439e-14
0.00712033705304287
5.920712466666299e-14
0.00394961964907055
0.003356970047367548
0.002358002667193841
0.00219592140615655
2.220290678628148e-14
2.22017405453415e-14
2.220064898433532e-14
2.220290678628148e-14
2.22017405453415e-14
2.220064898433532e-14
2.2204460492064e-14
2.220446048695497e-14
2.2204460492064e-14
0.0
0.0681355580780632
0.0
0.0
0.0681355580780632
0.0
0.0
0.06791396292494295
0.0
0.0
0.0
0.0
0.0
0.0
2.220202259580374e-14
2.220164334019228e-14
2.220055470961675e-14
2.220209289732531e-14
2.220202259580374e-14
2.220164334019228e-14
2.220055470961675e-14
2.220209289732531e-14
2.220090144201894e-14
2.220115259462555e-14
0.06578938431421795
2.220084830661365e-14
2.220245445786725e-14
2.220055243106253e-14
2.220059804389285e-14
2.220060563472736e-14
2.220047929233541e-14
2.220048226781835e-14
2.220048098688081e-14
2.220395329017769e-14
2.220053540762705e-14
2.220045783035099e-14
2.22042600729741e-14
2.220346340160446e-14
2.220376958934152e-14
2.220357000568487e-14
2.220343319638268e-14
2.220046628729174e-14
2.220045317654045e-14
2.220046036085326e-14
2.220045910484164e-14
2.220046036085326e-14
2.220045711407521e-14
2.220045857772772e-14
2.220045184152842e-14
2.220083327683889e-14
2.220346251728673e-14
2.220353447840704e-14
2.22035972907995e-14
0.3051004535649597
5.252420422451984e-09
2.220045184152842e-14
2.220083327683889e-14
2.220346251728673e-14
2.220353447840704e-14
2.22035972907995e-14
0.3051004535649597
5.252420422451984e-09
2.220406612842029e-14
2.220054855725745e-14
2.220394584868614e-14
2.220046016326333e-14
2.220049005578764e-14
2.220048383412865e-14
2.220045491221285e-14
2.220061467413922e-14
2.220324212667285e-14
2.220446036281961e-14
2.220446036399863e-14
2.220445213172837e-14
2.22044599715527e-14
2.22034301546308e-14
2.220411911729447e-14
2.22041237219693e-14
2.220400057863395e-14
2.220021281985191e-14
2.220446049249884e-14
2.220446048248588e-14
2.2204460491071e-14
2.220446048592521e-14
2.220446048791626e-14
2.220286953098906e-14
2.22020004543127e-14
2.220177678182007e-14
2.220172446129484e-14
2.220286953098906e-14
2.22020004543127e-14
2.220177678182007e-14
2.220172446129484e-14
2.22004739890072e-14
2.220437461588587e-14
2.2204450269411e-14
2.220439767663159e-14
2.220362432522802e-14
2.220445361593105e-14
2.220421955395257e-14
2.220440240329919e-14
2.220400042921538e-14
2.220440962498692e-14
2.220435311204887e-14
2.220446049243749e-14
2.220414512631517e-14
2.220427637480441e-14
2.22044135288996e-14
2.220330793696162e-14
2.220381004482928e-14
2.221371662042379e-14
2.220172627138793e-14
1.548504919928416e-13
2.829414620766326e-14
6.492938409566678e-14
4.261005234874461e-14
2.220381004482928e-14
2.221371662042379e-14
2.220172627138793e-14
1.548504919928416e-13
2.829414620766326e-14
6.492938409566678e-14
4.261005234874461e-14
2.220423853592236e-14
2.220339947629399e-14
2.220439136265852e-14
2.22008237917724e-14
2.220049767811274e-14
2.220047705484947e-14
2.220439236042983e-14
2.220418402080653e-14
2.220424907874407e-14
0.04375789754098778
2.220401768764501e-14
2.2204460475556e-14
2.220446048930163e-14
2.220446048435447e-14
2.220446040623213e-14
2.220446047494844e-14
2.220446048893737e-14
2.220445238445755e-14
2.220428783148115e-14
2.220445778110883e-14
2.220432163921471e-14
2.220440851534805e-14
2.220344874289504e-14
