0.0
0.0
0.0
0.0
0.0
0.0
0.0
0.0
0.0
0.0
0.0
0.0
0.0
0.0
0.0
0.0
0.0
0.0
2.2204403245268e-14
2.220421319930074e-14
2.220445834887513e-14
2.2204460201534e-14
2.220445981087558e-14
0.0
0.0
0.0
0.0
0.0
0.0
0.0
0.0
0.0
0.0
0.0
0.0
0.0
0
0
0
0
0
0
0
0
0
0
0
0
0
0
0
0
0
0
0
0
0
0
0
0
0
0
0
0
0
0
0
0
0
0
0
0
0
0
0.0
0.0
0.0
0.0
0.0
0.0
0.0
0.0
0.0
0.0
0.0
0.0
0.0
0.0
0.0
0.0
0.0
0.0
0.0
0.0
2.490790693689871e-09
0.0
0.0
0.0
0.05092661948285516
0.05092661948285516
0.0
0.0
0.0
0.0
0.0
0.0
0.0
0.0
0.0
0.0
0.0
0.0
0.0
0.0
0.0
0.0
0.0
0.0
0.0
0.0
0.0
0.0
0.0
0.0
0.0
0.0
0.0
0.0
0.0
2.220441976323488e-14
2.220444732040778e-14
2.220445024053364e-14
2.220278159747857e-14
2.220110267148842e-14
0.0
0.0
0.0
0.0
0.04634967958259432
0.0
0.0
0.0
0.0
0.0
0.0
0.0
0.0
0.0
0.0
0.0
0.0
2.220445890124967e-14
2.22044589838766e-14
2.220445829788465e-14
2.220117703487077e-14
2.22044604199212e-14
2.220445890014409e-14
2.220445890014409e-14
2.220445127646879e-14
2.220445571121525e-14
6.709557168361039e-13
8.907234830951729e-14
0.0
0.0
0.0
0.0
0.0
0.0
0.0
0.0
0.0
0.0
0.0
0.0
0
0
0
0
0
0
0
0
0
0
0
0
0
0
0
0
0
0
0
0
0
0.0
0.0
0.0
0.0
0.0
0.0
0.0
0.0
0.0
0.0
0.0
0.0
0.0
0.0
0.0
0.0
0.0
0.04746813291274814
2.220290580967599e-14
2.220098335730079e-14
2.219961637418666e-14
2.220173757768904e-14
2.220098404021579e-14
2.220098296555524e-14
2.220355033446119e-14
6.48464248977076e-14
5.245501610054013e-08
2.7335747043354e-08
0.0
0.0
3.847347697635035e-11
6.520522013407634e-10
8.988665282618167e-10
0.0
0.0
0.0
0.0
0.0
0.0
0.0
0.0
0.0
0.0
0.0
0.0
0.0
2.220359515942106e-14
2.220286943842829e-14
2.220285782304749e-14
2.220325565497412e-14
2.220302192119559e-14
1.617244780206026e-07
6.187614216809642e-10
0.1372364231398551
3.49333904054049e-09
1.506095009755644e-07
0.0
0.0
0.0
0.0
0.0
0.0
0.0
0.0
0.0
0.0
0.0
2.220119995142092e-14
0.0
0.05067882754148024
2.220445268215561e-14
2.220445871402805e-14
2.220445849490911e-14
2.220445874353668e-14
2.220445868122512e-14
2.220445803792612e-14
2.220445987301019e-14
0.0
0.0
0.0
0.0
0.0
0.0
0.0
0.05018395454361953
0.0
0.0
0.0
0.0
0.0
0.05018395454361953
0.04709511010336145
0.0
0.0
0.05018395454361953
0.0
0.0
0.0
0.0
0.0
0.05018395454361953
0.04709511010336145
0.0
0.0
0.0
0.0
0.0
0.0
2.220444078298835e-14
2.220098719470832e-14
2.232018513160934e-13
3.102037053974641e-11
0.0
0.0
0.0
0.0
0.0
0.0
0.0
0.0
0.0
0.0
0.0
0.0
0.0
0.0
0.0
0.0
0.0
0.0
0.0
2.220099815344991e-14
2.220098857404699e-14
2.220098978611175e-14
2.220215923568434e-14
2.219918940046843e-14
2.220350254120675e-14
2.220274211085963e-14
2.220274211085963e-14
2.220299502327729e-14
0.0
0.0
0.0
0.0
0.0
0.0
0.0
0.0
0.0
0.0
0.0
0.0
0.0
0.0
0.0
0.0
0.0
0.0
0.0
0.0
0.0
0.0
0.0
0.0
0.0
0.0
0.0
0.0
0.0
0.0
0.0
0.0
0.0
0.0
0.0
2.220099793969957e-14
2.220329628501223e-14
2.220443862655104e-14
2.220443292296323e-14
0.0
0.0
0.0
0.0
0.0
0.0
0.0
0.0
0.0
0.0
0.0
0.0
0.0
0.0
0.0
0.0
0.0
0.0
0.0
0.0
0.0
0.0
0.0
0.0
0.0
0.0
0.0
0.0
0.0
2.220445733692695e-14
2.220445761183031e-14
2.220445886530534e-14
2.22044532215284e-14
2.220099974639908e-14
2.220446049236632e-14
2.220110267148842e-14
2.220110267148842e-14
0.0
4.477618839558319e-13
4.391309627450732e-13
3.93940978159202e-09
0.0
0.0
0.0
2.220111032072399e-14
0.0
0.0
0.0
0.0
0.0
0.0
0.0
0.0
0.0
0.0
0.0
0.0
0.0
0.0
0.0
0.0
0.0
0.0
0.0
0.0
0.0009680210015266952
0.0006112973728323305
2.220117536649413e-14
2.220116985541957e-14
0.0005564666816313353
2.220120378023093e-14
0.0005498242832452051
0.0009468638438043907
2.910817904966864e-10
0.1637678859039397
5.880477248293166e-06
1.312273535831664e-12
0.0
0.0
0.0
0.0
0.0
0.0
0.0
0.0
0.0
0.0
0.0
0.0
0.0
0.0
0.0
0.0
0.0
2.22009847267006e-14
2.220113679938785e-14
2.220232534990678e-14
2.220130171853426e-14
2.220328734694321e-14
2.220098651100049e-14
1.797782615274357e-08
1.439859262296544e-07
3.704556016292451e-08
4.879368427789043e-08
2.472136956569661e-08
0.050431231672773
0.0
0.0
0.0
0.0
0.0
0.0
0.0
0.0
0.0
0.0
0.0
0.0
0.0
0.0
0.0
2.220098986032921e-14
2.220295158839511e-14
2.220446049220949e-14
0.0
0.0
0.0
0.0
8.651650299498922e-13
1.150239359483321e-07
9.733610899115725e-10
0.0
0.0
0.0
0.0
0.0
0.0
0.0
0.0503075545207113
0.0
0.0
2.220110267148842e-14
1.0
1.0
1.0
1.0
1.0
1.0
1.0
1.0
1.0
1.0
1.0
1.0
1.0
0.9975899388750225
0.9946389553040598
0.9975899388750225
0.9038098580397843
0.9166617015477168
0.902377564104281
0.9572121897930361
0.9322816498082526
0.695447925356395
0.902377564104281
1.0
0.0
0.0
0.0
0.0
0.0
0.0
0.0
0.0
0.0
0.0
0.0
0.0
0.0
0.0
0.0
0.0
0.0
0.0
0.0
0.0
0.0
2.220393330283623e-14
2.220400803449569e-14
2.220413288607318e-14
2.220438872765779e-14
2.220407082191515e-14
2.220439147104916e-14
2.220416279294401e-14
2.220409006453598e-14
2.62878308724267e-07
2.715725471854873e-09
1.737776305384468e-08
5.125251319161146e-08
4.448421736401423e-09
4.096838169695952e-09
0.0
0.0
0.0
0.0
0.0
0.0
0.0
0.0
0.0
0.0
0.0
0.0
0.0
0.0
0.0
0.0
0.0
2.220099161064509e-14
2.220322120567073e-14
0.04968817076114201
2.220118981833754e-14
2.220098395937016e-14
2.220099081538406e-14
2.220194397927149e-14
4.009870678151657e-13
2.777884738115533e-11
6.019376404541955e-11
8.444916459805978e-14
3.713251219919887e-13
1.982753822285592e-12
0.0
0.0
0.0
0.0
0.0
0.0
0.0
