0.0
0.0
0.0
0.0
0.0
0.0
0.0
0.0
0.0
0.0
0.0
0.0
0.0
0.0
0.0
0.0
0.0
0.0
2.2204403245268e-14
2.220421319930074e-14
2.220445834887513e-14
2.2204460201534e-14
2.220445981087558e-14
0.0
0.0
0.0
0.0
0.0
0.0
0.0
0.0
0.0
0.0
0.0
0.0
0.0
0
0
0
0
0
0
0
0
0
0
0
0
0
0
0
0
0
0
0
0
0
0
0
0
0
0
0
0
0
0
0
0
0
0
0
0
0
0
0.0
0.0
0.0
0.0
0.0
0.0
0.0
0.0
0.0
0.0
0.0
0.0
0.0
0.0
0.0
0.0
0.0
0.0
0.0
0.0
2.220446048959138e-14
0.0
0.0
0.0
0.05092661948285507
0.05092661948285507
0.0
0.0
0.0
0.0
0.0
0.0
0.0
0.0
0.0
0.0
0.0
0.0
0.0
0.0
0.0
0.0
0.0
0.0
0.0
0.0
0.0
0.0
0.0
0.0
0.0
0.0
0.0
0.0
0.0
2.220441976323488e-14
2.220444732040778e-14
2.220445024053364e-14
2.220278159747857e-14
2.220110267148842e-14
0.0
0.0
0.0
0.0
0.04634967958259419
0.0
0.0
0.0
0.0
0.0
0.0
0.0
0.0
0.0
0.0
0.0
0.0
2.220445890124967e-14
2.22044589838766e-14
2.220445829788465e-14
2.220117703487077e-14
2.22044604199212e-14
2.220445890014409e-14
2.220445890014409e-14
2.220445127646879e-14
2.220445571121525e-14
2.220446049250147e-14
2.220446049250216e-14
0.0
0.0
0.0
0.0
0.0
0.0
0.0
0.0
0.0
0.0
0.0
0.0
0
0
0
0
0
0
0
0
0
0
0
0
0
0
0
0
0
0
0
0
0
0.0
0.0
0.0
0.0
0.0
0.0
0.0
0.0
0.0
0.0
0.0
0.0
0.0
0.0
0.0
0.0
0.0
0.04746813291274807
2.220290580967599e-14
2.220098335730079e-14
2.219961637418666e-14
2.220173757768904e-14
2.220098404021579e-14
2.220098296555524e-14
2.220355033446119e-14
2.220446049250218e-14
2.220446043120041e-14
2.220446046055618e-14
0.0
0.0
2.22044604924573e-14
2.220446049174023e-14
2.22044604914518e-14
0.0
0.0
0.0
0.0
0.0
0.0
0.0
0.0
0.0
0.0
0.0
0.0
0.0
2.220359515942106e-14
2.220286943842829e-14
2.220285782304749e-14
2.220325565497412e-14
2.220302192119559e-14
2.22044603035021e-14
2.220446049177914e-14
0.04120018837666524
2.220446048841975e-14
2.220446031649167e-14
0.0
0.0
0.0
0.0
0.0
0.0
0.0
0.0
0.0
0.0
0.0
2.220119995142092e-14
0.0
0.05067882754148024
2.220445268215561e-14
2.220445871402805e-14
2.220445849490911e-14
2.220445874353668e-14
2.220445868122512e-14
2.220445803792612e-14
2.220445987301019e-14
0.0
0.0
0.0
0.0
0.0
0.0
0.0
0.0501839545436195
0.0
0.0
0.0
0.0
0.0
0.0501839545436195
0.04709511010336137
0.0
0.0
0.0501839545436195
0.0
0.0
0.0
0.0
0.0
0.0501839545436195
0.04709511010336137
0.0
0.0
0.0
0.0
0.0
0.0
2.220444078298835e-14
2.220098719470832e-14
2.2204460492502e-14
2.2204460492466e-14
0.0
0.0
0.0
0.0
0.0
0.0
0.0
0.0
0.0
0.0
0.0
0.0
0.0
0.0
0.0
0.0
0.0
0.0
0.0
2.220099815344991e-14
2.220098857404699e-14
2.220098978611175e-14
2.220215923568434e-14
2.219918940046843e-14
2.220350254120675e-14
2.220274211085963e-14
2.220274211085963e-14
2.220299502327729e-14
0.0
0.0
0.0
0.0
0.0
0.0
0.0
0.0
0.0
0.0
0.0
0.0
0.0
0.0
0.0
0.0
0.0
0.0
0.0
0.0
0.0
0.0
0.0
0.0
0.0
0.0
0.0
0.0
0.0
0.0
0.0
0.0
0.0
0.0
0.0
2.220099793969957e-14
2.220329628501223e-14
2.220443862655104e-14
2.220443292296323e-14
0.0
0.0
0.0
0.0
0.0
0.0
0.0
0.0
0.0
0.0
0.0
0.0
0.0
0.0
0.0
0.0
0.0
0.0
0.0
0.0
0.0
0.0
0.0
0.0
0.0
0.0
0.0
0.0
0.0
2.220445733692695e-14
2.220445761183031e-14
2.220445886530534e-14
2.22044532215284e-14
2.220099974639908e-14
2.220446049236632e-14
2.220110267148842e-14
2.220110267148842e-14
0.0
2.220446049250174e-14
2.220446049250175e-14
2.220446048789845e-14
0.0
0.0
0.0
2.220111032072399e-14
0.0
0.0
0.0
0.0
0.0
0.0
0.0
0.0
0.0
0.0
0.0
0.0
0.0
0.0
0.0
0.0
0.0
0.0
0.0
0.0
0.0009680210015266895
0.0006112973728323248
2.220117536649413e-14
2.220116985541957e-14
0.0005564666816313306
2.220120378023093e-14
0.0005498242832452018
0.0009468638438043832
2.220446049216209e-14
0.03688775558882484
8.880070539822679e-13
2.220446049250073e-14
0.0
0.0
0.0
0.0
0.0
0.0
0.0
0.0
0.0
0.0
0.0
0.0
0.0
0.0
0.0
0.0
0.0
2.22009847267006e-14
2.220113679938785e-14
2.220232534990678e-14
2.220130171853426e-14
2.220328734694321e-14
2.220098651100049e-14
2.220446047149237e-14
2.220446032423234e-14
2.220446044920875e-14
2.220446043547924e-14
2.220446046361149e-14
0.05043123167277297
0.0
0.0
0.0
0.0
0.0
0.0
0.0
0.0
0.0
0.0
0.0
0.0
0.0
0.0
0.0
2.220098986032921e-14
2.220295158839511e-14
2.220446049220949e-14
0.0
0.0
0.0
0.0
2.220446049250125e-14
2.220446035807892e-14
2.220446049136474e-14
0.0
0.0
0.0
0.0
0.0
0.0
0.0
0.05030755452071124
0.0
0.0
2.220110267148842e-14
0.0
0.0
0.0
0.0
0.0
0.0
0.0
0.0
0.0
0.0
0.0
0.0
0.0
2.220166400141779e-14
2.220099911630739e-14
2.220166400141779e-14
0.005343896775567546
0.004629905469570705
0.005423468660873217
0.002377100567053523
0.003762130566207676
0.01691955970242248
0.005423468660873217
0.0
0.0
0.0
0.0
0.0
0.0
0.0
0.0
0.0
0.0
0.0
0.0
0.0
0.0
0.0
0.0
0.0
0.0
0.0
0.0
0.0
0.0
2.220393330283623e-14
2.220400803449569e-14
2.220413288607318e-14
2.220438872765779e-14
2.220407082191515e-14
2.220439147104916e-14
2.220416279294401e-14
2.220409006453598e-14
2.220446018528823e-14
2.220446048932851e-14
2.220446047219364e-14
2.220446043260572e-14
2.220446048730358e-14
2.220446048771446e-14
0.0
0.0
0.0
1.0
1.0
1.0
1.0
1.0
1.0
1.0
1.0
1.0
1.0
1.0
1.0
1.0
1.0
0.9955149011011677
0.9989362204271389
0.1032463627242389
0.9971778234492978
0.9965888026683026
0.9956203430432323
0.997832792764719
0.9999999999992216
0.9999999999718436
0.9999999999394288
0.9999999999995381
0.9999999999992512
0.9999999999976397
1.0
1.0
1.0
1.0
1.0
1.0
1.0
