0.0
0.0
0.0
0.0
0.0
0.0
0.0
0.0
0.0
0.0
0.0
0.0
0.0
0.0
0.0
0.0
0.0
0.0
2.2204403245268e-14
2.220421319930074e-14
2.220445834887513e-14
2.2204460201534e-14
2.220445981087558e-14
0.0
0.0
0.0
0.0
0.0
0.0
0.0
0.0
0.0
0.0
0.0
0.0
0.0
0
0
0
0
0
0
0
0
0
0
0
0
0
0
0
0
0
0
0
0
0
0
0
0
0
0
0
0
0
0
0
0
0
0
0
0
0
0
0.0
0.0
0.0
0.0
0.0
0.0
0.0
0.0
0.0
0.0
0.0
0.0
0.0
0.0
0.0
0.0
0.0
0.0
0.0
0.0
2.220446048959138e-14
0.0
0.0
0.0
0.05092661948285516
0.05092661948285516
0.0
0.0
0.0
0.0
0.0
0.0
0.0
0.0
0.0
0.0
0.0
0.0
0.0
0.0
0.0
0.0
0.0
0.0
0.0
0.0
0.0
0.0
0.0
0.0
0.0
0.0
0.0
0.0
0.0
2.220441976323488e-14
2.220444732040778e-14
2.220445024053364e-14
2.220278159747857e-14
2.220110267148842e-14
0.0
0.0
0.0
0.0
0.04634967958259426
0.0
0.0
0.0
0.0
0.0
0.0
0.0
0.0
0.0
0.0
0.0
0.0
2.220445890124967e-14
2.22044589838766e-14
2.220445829788465e-14
2.220117703487077e-14
2.22044604199212e-14
2.220445890014409e-14
2.220445890014409e-14
2.220445127646879e-14
2.220445571121525e-14
2.220446049250147e-14
2.220446049250216e-14
0.0
0.0
0.0
0.0
0.0
0.0
0.0
0.0
0.0
0.0
0.0
0.0
0
0
0
0
0
0
0
0
0
0
0
0
0
0
0
0
0
0
0
0
0
1.0
1.0
1.0
1.0
1.0
1.0
1.0
1.0
1.0
1.0
1.0
1.0
1.0
1.0
1.0
1.0
1.0
0.10826134986211
0.9986644155229798
0.9968843801215529
0.967469181974809
0.9976537934036609
0.9968207875781226
0.9968423155596723
0.9992193928757938
0.9999999999995578
0.9999999475446063
0.9999999726638754
1.0
1.0
0.999999999961149
0.9999999993475702
0.9999999991007561
1.0
1.0
1.0
1.0
0.0
0.0
0.0
0.0
0.0
0.0
0.0
0.0
0.0
2.220359515942106e-14
2.220286943842829e-14
2.220285782304749e-14
2.220325565497412e-14
2.220302192119559e-14
2.22044603035021e-14
2.220446049177914e-14
0.04120018837666523
2.220446048841975e-14
2.220446031649167e-14
0.0
0.0
0.0
0.0
0.0
0.0
0.0
0.0
0.0
0.0
0.0
2.220119995142092e-14
0.0
0.05067882754147854
2.220445268215561e-14
2.220445871402805e-14
2.220445849490911e-14
2.220445874353668e-14
2.220445868122512e-14
2.220445803792612e-14
2.220445987301019e-14
0.0
0.0
0.0
0.0
0.0
0.0
0.0
0.05018395454361958
0.0
0.0
0.0
0.0
0.0
0.05018395454361958
0.04709511010336136
0.0
0.0
0.05018395454361958
0.0
0.0
0.0
0.0
0.0
0.05018395454361958
0.04709511010336136
0.0
0.0
0.0
0.0
0.0
0.0
2.220444078298835e-14
2.220098719470832e-14
2.2204460492502e-14
2.2204460492466e-14
0.0
0.0
0.0
0.0
0.0
0.0
0.0
0.0
0.0
0.0
0.0
0.0
0.0
0.0
0.0
0.0
0.0
0.0
0.0
2.220099815344991e-14
2.220098857404699e-14
2.220098978611175e-14
2.220215923568434e-14
2.219918940046843e-14
2.220350254120675e-14
2.220274211085963e-14
2.220274211085963e-14
2.220299502327729e-14
0.0
0.0
0.0
0.0
0.0
0.0
0.0
0.0
0.0
0.0
0.0
0.0
0.0
0.0
0.0
0.0
0.0
0.0
0.0
0.0
0.0
0.0
0.0
0.0
0.0
0.0
0.0
0.0
0.0
0.0
0.0
0.0
0.0
0.0
0.0
2.220099793969957e-14
2.220329628501223e-14
2.220443862655104e-14
2.220443292296323e-14
0.0
0.0
0.0
0.0
0.0
0.0
0.0
0.0
0.0
0.0
0.0
0.0
0.0
0.0
0.0
0.0
0.0
0.0
0.0
0.0
0.0
0.0
0.0
0.0
0.0
0.0
0.0
0.0
0.0
2.220445733692695e-14
2.220445761183031e-14
2.220445886530534e-14
2.22044532215284e-14
0.02977712030630175
2.220446049236632e-14
2.220110267148842e-14
2.220110267148842e-14
0.0
2.220446049250174e-14
2.220446049250175e-14
2.220446048789845e-14
0.0
0.0
0.0
2.220111032072399e-14
0.0
0.0
0.0
0.0
0.0
0.0
0.0
0.0
0.0
0.0
0.0
0.0
0.0
0.0
0.0
0.0
0.0
0.0
0.0
0.0
0.000968021001526696
0.000611297372832331
2.220117536649413e-14
2.220116985541957e-14
0.0005564666816313393
2.220120378023093e-14
0.0005498242832452073
0.0009468638438043907
2.220446049216209e-14
0.03688775558882506
8.880070539822684e-13
2.220446049250073e-14
0.0
0.0
0.0
0.0
0.0
0.0
0.0
0.0
0.0
0.0
0.0
0.0
0.0
0.0
0.0
0.0
0.0
2.22009847267006e-14
2.220113679938785e-14
2.220232534990678e-14
2.220130171853426e-14
2.220328734694321e-14
2.220098651100049e-14
2.220446047149237e-14
2.220446032423234e-14
2.220446044920875e-14
2.220446043547924e-14
2.220446046361149e-14
0.05043123167277298
0.0
0.0
0.0
0.0
0.0
0.0
0.0
0.0
0.0
0.0
0.0
0.0
0.0
0.0
0.0
2.220098986032921e-14
2.220295158839511e-14
2.220446049220949e-14
0.0
0.0
0.0
0.0
2.220446049250125e-14
2.220446035807892e-14
2.220446049136474e-14
0.0
0.0
0.0
0.0
0.0
0.0
0.0
0.05030755452071126
0.0
0.0
2.220110267148842e-14
0.0
0.0
0.0
0.0
0.0
0.0
0.0
0.0
0.0
0.0
0.0
0.0
0.0
2.220166400141779e-14
2.220099911630739e-14
2.220166400141779e-14
0.005343896775567538
0.004629905469571363
0.005423468660873272
0.002377100567053546
0.003762130566208265
0.01691955970242251
0.005423468660873272
0.0
0.0
0.0
0.0
0.0
0.0
0.0
0.0
0.0
0.0
0.0
0.0
0.0
0.0
0.0
0.0
0.0
0.0
0.0
0.0
0.0
0.0
2.220393330283623e-14
2.220400803449569e-14
2.220413288607318e-14
2.220438872765779e-14
2.220407082191515e-14
2.220439147104916e-14
2.220416279294401e-14
2.220409006453598e-14
2.220446018528823e-14
2.220446048932851e-14
2.220446047219364e-14
2.220446043260572e-14
2.220446048730358e-14
2.220446048771446e-14
0.0
0.0
0.0
0.0
0.0
0.0
0.0
0.0
0.0
0.0
0.0
0.0
0.0
0.0
0.0
0.0
0.0
2.220099161064509e-14
2.220322120567073e-14
0.04968817076114197
2.220118981833754e-14
2.220098395937016e-14
2.220099081538406e-14
2.220194397927149e-14
2.220446049250179e-14
2.22044604924698e-14
2.220446049243192e-14
2.220446049250216e-14
2.220446049250182e-14
2.220446049249994e-14
0.0
0.0
0.0
0.0
0.0
0.0
0.0
