2.220354326486146e-14
2.219724385911862e-14
2.220129009079646e-14
2.22035874103953e-14
2.220038351849645e-14
2.220354326486146e-14
2.219724385911862e-14
2.220129009079646e-14
2.22035874103953e-14
2.220038351849645e-14
1.449562470701616e-05
4.67267446201355e-05
0.06703763764576504
1.480472771756187e-06
2.61022086370522e-06
0.000309508958750973
3.300108971936787e-05
4.752211755652562e-05
4.418965908415155e-05
9.864140025498346e-05
0.001983120592388011
0.0002048470483439819
0.0003893806272177663
1.863219892355129e-09
1.426062822625886e-09
6.017852280430956e-10
1.58626451009133e-10
2.220444877554965e-14
2.220443286796521e-14
2.22044104326462e-14
2.220445004257748e-14
2.220431647723602e-14
2.220446048801399e-14
2.22034652475438e-14
2.220315823876528e-14
2.220212314026267e-14
2.220250803685568e-14
2.219909597434914e-14
2.219909597434914e-14
2.220195789628841e-14
2.220060066890374e-14
2.220212314026267e-14
2.220250803685568e-14
2.219909597434914e-14
2.219909597434914e-14
2.220195789628841e-14
2.220060066890374e-14
0.002266754648868232
0.002322236807793061
0.00171589260608002
0.002189784250394903
0.003720915388115246
0.00171589260608002
0.0009819611640930325
0.002322236807793061
0.001038351729694767
0.002189784250394903
0.0003847583455026056
0.0001778357362178148
0.0004206878489325931
0.000783826487271917
2.219981234303731e-14
2.220028790736916e-14
2.22001243516345e-14
2.219980623313907e-14
2.22001243516345e-14
2.219980623313907e-14
2.219960180234737e-14
2.219941199077461e-14
2.219941199077461e-14
2.220001920529402e-14
2.219981234303731e-14
2.220028790736916e-14
2.22001243516345e-14
2.219980623313907e-14
2.22001243516345e-14
2.219980623313907e-14
2.219960180234737e-14
2.219941199077461e-14
2.219941199077461e-14
2.220001920529402e-14
5.955792944122016e-06
5.780519048125285e-06
5.955792944122016e-06
4.610464561192083e-05
5.780519048125285e-06
0.004422728195681063
0.01111107945827407
0.01151227447253769
0.0200612795095232
6.857600053696443e-09
0.003853075670581138
0.004107182677919238
0.003287085771569417
2.220047580858219e-14
2.220047187822218e-14
2.220048194606948e-14
2.220051327041304e-14
2.220047293735392e-14
2.220053006618889e-14
2.220047293735392e-14
2.220224564866747e-14
2.220259591067232e-14
2.220165242699488e-14
2.219861336944961e-14
2.220036977444469e-14
2.220224564866747e-14
2.220259591067232e-14
2.220165242699488e-14
2.219861336944961e-14
2.220036977444469e-14
3.020803096668016e-05
1.929304109932482e-05
0.0655680052755206
0.004158903075932441
0.0003758992181628617
3.051581425360706e-05
4.2602493316898e-05
0.004415781164622173
0.006751940951376627
0.004273205287481907
0.01701121012696119
0.0179448902781739
0.01930881036910961
8.029491660195476e-11
1.652528977957987e-09
7.838444719364028e-12
2.275044128489699e-05
8.353379050193747e-05
2.22042877810636e-14
2.22043464120571e-14
2.220417495296593e-14
2.220414582307417e-14
2.220437407705914e-14
2.220048430229947e-14
2.220053817119666e-14
0.9879995818961884
0.9672465979216063
0.9787473697501239
0.9092186272694035
0.9879995818961884
0.9672465979216063
0.9787473697501239
0.9092186272694035
0.9843307234223391
0.8684733991442923
0.7283865886369714
0.9723927161041531
0.3792974172472098
0.9767611364002989
0.9849697227546691
0.8468067922003398
0.921554405864026
0.919780096090235
0.9717313477865732
0.9334888390095993
0.9717313477865732
0.9506106477230218
0.8841718037747929
0.9652296517580349
0.9178785515627045
0.9859470560474818
0.9891405400350818
0.9912721921813861
0.9881287211687012
0.9998723428579254
0.9999982361155844
0.9999890082308397
0.998583882226392
0.9998850670863004
2.220050444344627e-14
2.220177317668286e-14
2.220050444344627e-14
2.220177317668286e-14
0.00951965206970912
0.004001211622940262
0.01774523060385359
0.01762470428269544
0.006107828489255587
0.007843438062090416
0.008623450085693036
0.007081997159377828
0.01154328862917139
1.371110367826989e-05
0.001070925944567005
8.179139950824065e-05
0.0004283691334777823
2.220047063476135e-14
2.220046223159859e-14
2.22004905385428e-14
2.220046697929396e-14
2.220046676726813e-14
2.220390008392475e-14
2.219960014231026e-14
2.220081542639646e-14
2.220080908319308e-14
2.220088630585379e-14
2.220115486513129e-14
2.219960970049875e-14
2.220063656624046e-14
2.220063656624046e-14
2.220390008392475e-14
2.219960014231026e-14
2.220081542639646e-14
2.220080908319308e-14
2.220088630585379e-14
2.220115486513129e-14
2.219960970049875e-14
2.220063656624046e-14
2.220063656624046e-14
0.0006659322717410828
0.001177598875689994
0.005136540697370433
0.0005036110739113256
0.0002716443066093447
1.780712040079356e-05
0.005566937112423702
0.007905202693005712
0.01917516568672698
0.01412832450098885
0.003182718378091463
0.00750898577932837
4.184930649783599e-05
2.283817961085561e-05
2.283817961085561e-05
5.936229446041644e-08
2.220219955632497e-14
2.220367911185195e-14
2.220049353130557e-14
2.220051341120017e-14
2.220048082755198e-14
2.21997794904022e-14
2.220213695657726e-14
2.220114132704331e-14
2.2201060762435e-14
2.21997794904022e-14
2.220213695657726e-14
2.220114132704331e-14
2.2201060762435e-14
0.001241639803097777
0.1826848177073213
0.0003686410196173797
0.02856157695502932
0.0006877693940502323
0.01664447392214317
1.249095742955243e-07
2.202602064476855e-07
2.151682567003336e-05
5.208240172339722e-06
8.784621668139541e-05
0.004861265313637292
0.01426400076119569
5.956233837137143e-06
7.693365727642361e-05
6.022671172846131e-14
2.220446049246955e-14
1.126807812595021e-11
2.220045344002609e-14
2.220344453845915e-14
2.220121342999614e-14
2.220446047570344e-14
2.220445875363644e-14
2.220446048819061e-14
2.22044604383964e-14
2.220446001192796e-14
2.99024306729073e-13
5.754047006467585e-13
9.896464866379283e-13
5.083180775119787e-13
4.562979721555551e-12
5.351359714835633e-12
2.99024306729073e-13
5.754047006467585e-13
9.896464866379283e-13
5.083180775119787e-13
4.562979721555551e-12
5.351359714835633e-12
0.03766913838083896
0.05261081826333286
0.03126050266884298
0.06426787336431375
0.01594749176601726
0.01544641614010686
0.01524623433426104
0.01250926089899915
0.018750025082571
0.02109948676745627
0.006310030613980934
0.004085593641888609
0.0008278934984419929
0.0008401152740212784
0.00871859898559175
0.00339718422876502
0.0009459216734962336
0.0001295698413390418
0.007120337053042844
5.920712466666299e-14
0.003949619649070513
0.003356970047367525
0.002358002667193813
0.002195921406156533
2.220290678628148e-14
2.22017405453415e-14
2.220064898433532e-14
2.220290678628148e-14
2.22017405453415e-14
2.220064898433532e-14
5.996657780823405e-11
6.82243230435563e-10
5.996657780823405e-11
0.0
0.0681355580780632
0.0
0.0
0.0681355580780632
0.0
0.0
0.06791396292494292
0.0
0.0
0.0
0.0
0.0
0.0
2.220202259580374e-14
2.220164334019228e-14
2.220055470961675e-14
2.220209289732531e-14
2.220202259580374e-14
2.220164334019228e-14
2.220055470961675e-14
2.220209289732531e-14
0.002822858386479388
0.007920449822082624
0.06709305899261517
0.002515400455257521
0.002994153608696993
0.01471941436087766
0.02065896302902694
0.02171923413299678
0.005583415822111416
0.005542840701242175
0.006243984982982458
0.0003200647019788901
0.01189588447525626
0.003183036476529003
0.0001264086692442367
0.0006283806211514942
2.220376958934152e-14
2.220357000568487e-14
2.220343319638268e-14
2.220046628729174e-14
2.220045317654045e-14
2.220046036085326e-14
2.220045910484164e-14
2.220046036085326e-14
2.220045711407521e-14
2.220045857772772e-14
2.220045184152842e-14
2.220083327683889e-14
2.220346251728673e-14
2.220353447840704e-14
2.22035972907995e-14
6.437262734702632e-11
5.252420422451963e-09
2.220045184152842e-14
2.220083327683889e-14
2.220346251728673e-14
2.220353447840704e-14
2.22035972907995e-14
6.437262734702632e-11
5.252420422451963e-09
3.943059263387013e-06
0.01363930454879262
0.000324574641216744
0.003806520706128145
1.440129070477302e-08
1.550651174172298e-08
0.002929790958397528
0.02218510126835363
2.286210271400728e-05
8.176524940710969e-08
8.102072856883592e-08
5.271582670458003e-06
3.284610878462725e-07
0.0006508777215165763
0.0002153748110694933
0.0002124678884437736
2.35571745306739e-12
2.118749317326702e-13
2.220446049249884e-14
2.220446048248588e-14
2.2204460491071e-14
2.220446048592521e-14
2.220446048791626e-14
2.220286953098906e-14
2.22020004543127e-14
2.220177678182007e-14
2.220172446129484e-14
2.220286953098906e-14
2.22020004543127e-14
2.220177678182007e-14
2.220172446129484e-14
1.236863106618624e-08
1.263510386153923e-05
6.429489542821411e-06
5.668298731696853e-06
1.111659093360511e-05
4.264098046020173e-06
7.197875604343984e-06
5.636422850216079e-06
3.619924187842214e-14
1.562439418308279e-13
4.474347833172255e-13
1.533010172068956e-11
1.381324502151461e-13
1.319792678131174e-13
2.22044135288996e-14
2.220330793696162e-14
0.5361313669236837
2.221371662042379e-14
2.220172627138793e-14
1.548504919928393e-13
2.829414620766305e-14
6.492938409566582e-14
4.261005234874408e-14
0.5361313669236837
2.221371662042379e-14
2.220172627138793e-14
1.548504919928393e-13
2.829414620766305e-14
6.492938409566582e-14
4.261005234874408e-14
0.000110383114581728
2.551766452248217e-05
1.614825040720192e-05
0.0004448750685154296
2.065824515767885e-05
2.670189231396594e-05
4.296296784763343e-05
0.0001711428334433016
0.0001332485466108716
0.1516868207488163
0.0002788642364250181
1.068460796883886e-08
2.016767198997625e-09
5.115778664703053e-09
1.415181775976811e-10
1.379013606625905e-10
1.937775051091095e-09
2.220445238445755e-14
2.220428783148115e-14
2.220445778110883e-14
2.220432163921471e-14
2.220440851534805e-14
2.220344874289504e-14
