4.466541564619043e-05
0.05540581973182809
0.001038442830161869
9.263835774281968e-07
0.01452769134520667
4.466541564619043e-05
0.05540581973182809
0.001038442830161869
9.263835774281968e-07
0.01452769134520667
7.420710346777654e-06
8.251995587934564e-06
0.0663359788204214
0.004206525458417172
0.003805832781045307
4.27940559068451e-05
0.0025271304553593
4.458023046526711e-13
2.7870108459469e-12
7.358918848626705e-08
4.452402277384076e-08
2.190017474909871e-06
2.771512455791472e-05
2.534539148816803e-12
1.572732393542018e-11
2.660969806631262e-09
4.350693449883145e-07
7.3877453727821e-06
1.741827180702422e-05
3.15658667799052e-05
6.588846499468149e-06
9.08264509983521e-05
2.829884873663911e-09
0.0006286679458254871
0.0008230679535175812
0.01227991731927579
0.01193940312474598
0.02355481226714415
0.02355481226714415
0.01538615208999307
0.00863950867971005
0.01227991731927579
0.01193940312474598
0.02355481226714415
0.02355481226714415
0.01538615208999307
0.00863950867971005
0.006132288046903394
0.006438032572775309
0.004120546827631587
0.009568194771140178
0.005775739262580672
0.004120546827631587
0.01375463693954025
0.006438032572775309
0.01479865411620943
0.009568194771140178
2.445244329001775e-05
1.050548475675009e-05
7.629010744128352e-05
2.606728249164157e-05
0.0231618922074833
0.01803167347320997
0.01606176345281891
0.02342892668495757
0.01606176345281891
0.02342892668495757
0.0208904052381543
0.02138742932427491
0.02138742932427491
0.01612815312741373
0.0231618922074833
0.01803167347320997
0.01606176345281891
0.02342892668495757
0.01606176345281891
0.02342892668495757
0.0208904052381543
0.02138742932427491
0.02138742932427491
0.01612815312741373
0.01181963411775331
0.006280876640687814
0.01181963411775331
0.0142834533642542
0.006280876640687814
0.008765173748876894
0.01338552837338928
0.01236496247523958
0.0001358493665117222
8.303124860351082e-05
6.430993811109813e-05
4.464978455043687e-05
0.0001483851525392449
0.005841896737986289
0.004945721698399483
0.005934168656164683
0.009440802362313027
0.005159539084204876
0.01141701066648103
0.005159539084204876
5.920810803982975e-05
1.920459247019894e-05
2.740473341219035e-05
9.426589899222586e-05
0.02405278785129007
5.920810803982975e-05
1.920459247019894e-05
2.740473341219035e-05
9.426589899222586e-05
0.02405278785129007
0.0001509421921826904
0.0001014832691668935
0.0673572870642899
0.009935678692669151
2.220386496293361e-14
1.7620381528192e-12
3.016084511189187e-12
4.229081983759972e-11
1.065236577108741e-10
2.217612926410136e-11
0.0001564820890787098
0.0001147294742628889
0.0002780309967255796
1.011894217943475e-10
2.089312189352306e-11
3.579382258393309e-08
6.62572115060173e-11
9.489639225861841e-11
0.0001089301345649986
7.194339041472847e-05
0.0001801292114382304
0.0001985161946274839
5.449401003346305e-05
0.006876282399897581
0.01267452307623879
0.008760561143536554
0.021715405540287
0.01892271083471649
0.0007791001753173695
0.008760561143536554
0.021715405540287
0.01892271083471649
0.0007791001753173695
0.01566927657739449
0.1315266007961874
0.2716134112926206
0.02760728389558035
0.3211016962911453
0.02323886359757055
0.01503027724506443
0.1531932077989553
0.02743485693706882
6.367741336223121e-07
0.02826865129116099
0.06651115926777
0.02826865129116099
0.04938935214083558
0.1158281958807992
0.03477034716011116
0.08211760992325644
0.001083838250109984
0.0008365216820601167
0.0006729825035730493
0.0009151200088024511
0.0001276571418080831
1.763884149158728e-06
1.099176889370857e-05
0.001416117773341575
0.0001149329134330792
0.01066621958389707
0.01605956485963905
0.01066621958389707
0.01605956485963905
0.0080207345919637
0.008224896344039629
9.441872249427547e-05
8.158748194233767e-05
0.0004333534291618828
3.043254358175601e-05
0.0002226720569735899
0.0001137689644089483
3.191803749534041e-05
2.200339248764966e-05
3.007367096024002e-05
0.0002447939053038792
0.0001654322403204259
0.005020940371898465
0.004116381915642359
0.007066138732892983
0.004440894717892637
0.004402349705541931
0.002337490662769906
0.02261218255146068
0.02422985762473818
0.001233250551289539
0.001439844762998354
0.001699453406539178
0.02667181379289335
0.02105825208705952
0.02105825208705952
0.002337490662769906
0.02261218255146068
0.02422985762473818
0.001233250551289539
0.001439844762998354
0.001699453406539178
0.02667181379289335
0.02105825208705952
0.02105825208705952
0.0062082442483454
0.004232601971383289
0.005252416031232682
0.0002836313130507871
0.0003339087258028566
0.005107200443722253
1.93051095816119e-06
1.344249644559834e-05
0.000127907678174547
6.185439816886407e-05
8.262526166305903e-10
0.0001052966386064021
2.082123011822632e-05
3.537511682422858e-09
3.537511682422858e-09
7.081303674435558e-05
0.001431554359233013
0.0004933793288239627
0.007181216052606203
0.01037214689961813
0.006015539283314073
0.01852268557610772
0.005146604925185727
0.004201219931647811
0.002278142373180633
0.01852268557610772
0.005146604925185727
0.004201219931647811
0.002278142373180633
0.005062555700260702
0.3162385109583373
0.002716223452425919
1.578442342336134e-07
0.0001244622500296614
3.871847602926148e-08
2.220446029439166e-14
1.964911823779026e-12
2.548753173587396e-11
4.549322647827186e-13
6.65400412791284e-06
3.80535410750455e-07
1.252219721091853e-06
0.00153249562968882
0.0002456349818449093
1.939122661938197e-11
2.064249399583087e-11
4.803263118387728e-12
0.002943341461256686
0.0006417740612625931
0.002059758358031811
1.059173458338396e-08
1.096365306727644e-06
2.718521618171294e-09
3.411397819895628e-08
3.030042737501822e-07
0.93267535967744
0.9129130844128477
0.8976593680721812
0.8279593668621558
0.9131662312263369
0.9669717206736502
0.93267535967744
0.9129130844128477
0.8976593680721812
0.8279593668621558
0.9131662312263369
0.9669717206736502
0.9623308616181766
0.3195034737882311
0.9687394973282173
0.9357321266340803
0.9840525082181161
0.9845535838576556
0.9847537656654726
0.9874907391007345
0.9812499749171626
0.9789005132322772
0.9936899693857526
0.9959144063578449
0.9991721065012915
0.9991598847257123
0.9912814010141417
0.9966028157709685
0.9990540783262374
0.9998704301583945
0.9074356183104431
0.6943027285182787
0.9486549445620832
0.956359389384222
0.9693459653264804
0.9714530217199651
2.428974279039165e-13
4.118840150635634e-13
2.220064898433532e-14
2.428974279039165e-13
4.118840150635634e-13
2.220064898433532e-14
2.164175263360612e-10
2.815404209854443e-09
2.164175263360612e-10
0.0
0.06813555807806324
0.0
0.0
0.06813555807806324
0.0
0.0
0.06791396292494295
0.0
0.0
0.0
0.0
0.0
0.0
0.006130388823479244
0.002177587053419238
0.005183594381381961
0.002169672252924742
0.006130388823479244
0.002177587053419238
0.005183594381381961
0.002169672252924742
0.0008994929247426912
0.0009237914651818451
0.06627769596749722
0.0009561461514809288
0.005893702418183568
2.728211482469247e-08
4.636555305971603e-07
9.293719154093322e-08
6.614528752148454e-09
3.452705250984648e-06
8.644163594655648e-07
2.963859777265392e-08
5.538862977728086e-07
3.708682605308409e-07
3.622941770021432e-09
1.455522089392941e-06
0.0004361765711825451
0.0005623854065562103
0.0006489525273588737
0.004299005453569238
0.002939459824677118
0.003649468131975568
0.003494132975687158
0.003649468131975568
0.00306023246383453
0.003383318257556513
2.075274661976125e-08
3.167040489708618e-05
7.985890469159298e-06
0.0002675751047852706
1.606028422154707e-06
0.2503510723622422
0.2735626444937039
2.075274661976125e-08
3.167040489708618e-05
7.985890469159298e-06
0.0002675751047852706
1.606028422154707e-06
0.2503510723622422
0.2735626444937039
0.0002448871117382753
6.75175917011373e-11
2.205028695087515e-07
5.57526214745075e-10
0.006961848835192073
0.006925818314806751
7.833591800635352e-11
2.220061467413922e-14
0.0007470653673952848
2.514861452047499e-13
1.395258260935266e-12
2.220445213172837e-14
3.848783257313603e-14
2.22034301546308e-14
2.220411911729447e-14
2.22041237219693e-14
0.0002902251782579295
3.9073624229272e-05
2.166373859815817e-12
6.315375771538267e-09
9.024255666726787e-10
4.146864413785084e-09
2.891501655512774e-09
0.003992971847693225
0.02106297972501555
0.001860406686150692
0.001778755791796805
0.003992971847693225
0.02106297972501555
0.001860406686150692
0.001778755791796805
0.005644428961047107
4.151906540202993e-05
1.6332085404176e-08
3.394196931484962e-05
0.0005169099869624777
7.166257774209741e-08
0.0001447827503608967
3.099299436130319e-05
0.0002903195506650757
3.207519433942602e-05
6.771728323259988e-05
2.556566738648314e-11
0.0001989560178671956
0.0001161265882706475
2.961331553035361e-05
0.0007282501791983418
1.864082200163125e-05
0.00105527784678601
0.1699569869176872
0.0009469016487475286
0.007365506309521936
0.002979537724669793
0.006936062388991931
1.864082200163125e-05
0.00105527784678601
0.1699569869176872
0.0009469016487475286
0.007365506309521936
0.002979537724669793
0.006936062388991931
2.96190217719659e-05
0.0006447783514439104
2.744397684157336e-05
0.007631925521155571
0.006131822369142663
0.003747501980457896
4.072639696628117e-13
3.263102837462614e-06
1.009497154830157e-07
0.1515260422514165
5.555468264195242e-07
1.336638160550487e-13
1.299731364119524e-12
2.14914277264265e-11
5.425220728406837e-08
1.092991182646007e-08
3.099601510009081e-10
5.112231063783381e-06
0.0001088983257280768
1.70955286368391e-06
8.757009489020594e-05
3.277495957986969e-05
0.0006391131266302307
