0.0
0.0
0.0
0.0
0.0
0.0
0.0
0.0
0.0
0.0
0.0
0.0
0.0
0.0
0.0
0.0
0.0
0.0
4.89926276541112e-05
0.0002117372297148183
1.834277222157332e-06
2.489770431132246e-07
5.832579951853837e-07
0.0
0.0
0.0
0.0
0.0
0.0
0.0
0.0
0.0
0.0
0.0
0.0
0.0
0
0
0
0
0
0
0
0
0
0
0
0
0
0
0
0
0
0
0
0
0
0
0
0
0
0
0
0
0
0
0
0
0
0
0
0
0
0
0.0
0.0
0.0
0.0
0.0
0.0
0.0
0.0
0.0
0.0
0.0
0.0
0.0
0.0
0.0
0.0
0.0
0.0
0.0
0.0
2.220446048959138e-14
0.0
0.0
0.0
0.05092661948285516
0.05092661948285516
0.0
0.0
0.0
0.0
0.0
0.0
0.0
0.0
0.0
0.0
0.0
0.0
0.0
0.0
0.0
0.0
0.0
0.0
0.0
0.0
0.0
0.0
0.0
0.0
0.0
0.0
0.0
0.0
0.0
3.485496770833095e-05
1.127152480059271e-05
8.772672089530718e-06
0.00144274995459833
2.220110267148842e-14
0.0
0.0
0.0
0.0
0.04634967958259432
0.0
0.0
0.0
0.0
0.0
0.0
0.0
0.0
0.0
0.0
0.0
0.0
1.361614739765692e-06
1.290911653168069e-06
1.877909441114907e-06
0.03141787485995244
6.210645234271985e-08
1.362560775997351e-06
1.362560775997351e-06
7.886195411013777e-06
4.091319898024889e-06
2.220446049250147e-14
2.220446049250216e-14
0.0
0.0
0.0
0.0
0.0
0.0
0.0
0.0
0.0
0.0
0.0
0.0
0
0
0
0
0
0
0
0
0
0
0
0
0
0
0
0
0
0
0
0
0
0.0
0.0
0.0
0.0
0.0
0.0
0.0
0.0
0.0
0.0
0.0
0.0
0.0
0.0
0.0
0.0
0.0
0.04746813291274814
0.001335584476642783
0.003115619878069749
0.000517751264891748
0.002346206595961603
0.003179212421499939
0.003157684439950226
0.0007806071238287478
2.220446049250218e-14
2.220446043120041e-14
2.220446046055618e-14
0.0
0.0
2.22044604924573e-14
2.220446049174023e-14
2.22044604914518e-14
0.0
0.0
0.0
0.0
0.0
0.0
0.0
0.0
0.0
0.0
0.0
0.0
0.0
0.000742077879201826
0.001366957105603473
0.001376977380953026
0.001034118114233448
0.001235469707943085
2.22044603035021e-14
2.220446049177914e-14
0.04120018837666526
2.220446048841975e-14
2.220446031649167e-14
0.0
0.0
0.0
0.0
0.0
0.0
0.0
0.0
0.0
0.0
0.0
2.220119995142092e-14
0.0
0.05067882754148024
6.683320041060136e-06
1.521818636870563e-06
1.709316983908244e-06
1.496568356029861e-06
1.549887822480525e-06
2.100354385726236e-06
5.300902316037504e-07
0.0
0.0
0.0
0.0
0.0
0.0
0.0
0.05018395454361955
0.0
0.0
0.0
0.0
0.0
0.05018395454361955
0.04709511010336145
0.0
0.0
0.05018395454361955
0.0
0.0
0.0
0.0
0.0
0.05018395454361955
0.04709511010336145
0.0
0.0
0.0
0.0
0.0
0.0
1.68659544743597e-05
0.003595286247770645
2.2204460492502e-14
2.2204460492466e-14
0.0
0.0
0.0
0.0
0.0
0.0
0.0
0.0
0.0
0.0
0.0
0.0
0.0
0.0
0.0
0.0
0.0
0.0
0.0
0.00541875595107949
0.004052488924836957
0.004159943979298058
0.001980732414401752
0.0008647798861873036
0.0008216974655204919
0.001476831807509019
0.001476831807509019
0.001258656579285524
0.0
0.0
0.0
0.0
0.0
0.0
0.0
0.0
0.0
0.0
0.0
0.0
0.0
0.0
0.0
0.0
0.0
0.0
0.0
0.0
0.0
0.0
0.0
0.0
0.0
0.0
0.0
0.0
0.0
0.0
0.0
0.0
0.0
0.0
0.0
0.005368628575937641
0.000999141649934442
1.871137713841455e-05
2.359245543832118e-05
0.0
0.0
0.0
0.0
0.0
0.0
0.0
0.0
0.0
0.0
0.0
0.0
0.0
0.0
0.0
0.0
0.0
0.0
0.0
0.0
0.0
0.0
0.0
0.0
0.0
0.0
0.0
0.0
0.0
2.700196615637905e-06
2.464962634222147e-06
1.392371982540099e-06
6.221769814153176e-06
1.850323930352378e-05
1.163150201019198e-10
2.220110267148842e-14
2.220110267148842e-14
0.0
2.220446049250174e-14
2.220446049250175e-14
2.220446048789845e-14
0.0
0.0
0.0
2.220111032072399e-14
0.0
0.0
0.0
1.0
1.0
1.0
1.0
1.0
1.0
1.0
1.0
1.0
1.0
1.0
1.0
1.0
1.0
1.0
1.0
1.0
0.9825756219725196
0.9889966472890181
0.970450176291027
0.9712860645725887
0.9899835997306359
0.9658577393192888
0.9901031629015862
0.9829564508115209
0.9999999997085408
0.209140269086036
0.3580213504588964
0.9999999999983104
1.0
1.0
1.0
1.0
1.0
1.0
1.0
0.0
0.0
0.0
0.0
0.0
0.0
0.0
0.0
0.0
0.0
0.003408410665461493
0.002868318992531863
0.001836970879062617
0.002724831603582323
0.001006835384363731
0.003564816610388848
2.220446047149237e-14
2.220446032423234e-14
2.220446044920875e-14
2.220446043547924e-14
2.220446046361149e-14
0.05043123167277298
0.0
0.0
0.0
0.0
0.0
0.0
0.0
0.0
0.0
0.0
0.0
0.0
0.0
0.0
0.0
0.004077290160069149
0.001296105598120706
2.505206284627978e-10
0.0
0.0
0.0
0.0
2.220446049250125e-14
2.220446035807892e-14
2.220446049136474e-14
0.0
0.0
0.0
0.0
0.0
0.0
0.0
0.05030755452071128
0.0
0.0
2.220110267148842e-14
0.0
0.0
0.0
0.0
0.0
0.0
0.0
0.0
0.0
0.0
0.0
0.0
0.0
0.002410061124599995
0.005361044695562697
0.002410061124599995
0.00534389677556754
0.004629905469571369
0.00542346866087329
0.002377100567053537
0.003762130566208256
0.01691955970242251
0.00542346866087329
0.0
0.0
0.0
0.0
0.0
0.0
0.0
0.0
0.0
0.0
0.0
0.0
0.0
0.0
0.0
0.0
0.0
0.0
0.0
0.0
0.0
0.0
0.0004517103314659034
0.0003876047521581483
0.0002805600321804668
6.141916574167505e-05
0.0003337638628120394
5.907085413239985e-05
0.0002549286675721373
0.0003172665419374829
2.220446018528823e-14
2.220446048932851e-14
2.220446047219364e-14
2.220446043260572e-14
2.220446048730358e-14
2.220446048771446e-14
0.0
0.0
0.0
0.0
0.0
0.0
0.0
0.0
0.0
0.0
0.0
0.0
0.0
0.0
0.0
0.0
0.0
0.004485098898454851
0.00106377957248366
0.05205473433634754
0.002822176550324775
0.003411197331320065
0.004379656956390226
0.002167207234903543
2.220446049250179e-14
2.22044604924698e-14
2.220446049243192e-14
2.220446049250216e-14
2.220446049250182e-14
2.220446049249994e-14
0.0
0.0
0.0
0.0
0.0
0.0
0.0
