0.9869878167975792
0.9750051445117561
0.99802815586259
0.9937742594888496
0.9960731593805784
0.9642559203440073
0.9998273337986365
0.9999816982507761
0.9463608809033306
0.9409735568082653
0.9405855835966895
0.9664804868586133
0.9581942315851174
0.9683621667618291
0.8734639802394776
0.999044803318358
0.995965028619636
0.9970676287349269
0.9999552336171059
0.9883804369109136
0.9867434843851307
1.0
1.0
1.0
1.0
0.9752661755957152
0.9769366162027117
0.9704352364244875
0.98349807157077
0.9996979123279289
0.9994946840679455
0.9993750846696675
0.9982586153573587
0.9985462257991674
0.9975050650556906
0.9805417547039419
0.9530240836545468
0.9833924815562604
0.977383496655847
0.8663305918867195
0.951096107516861
0.8774040538166457
0.9930431640079788
0.9952326370824686
0.9971597467195633
0.9970941490703518
0.9742444551386431
0.951003562155746
1.0
0.8833481213300883
1.0
1.0
1.0
1.0
1.0
1.0
0.9899951510697724
0.9900990457721848
0.989865732075178
0.9858138113123879
0.9791119055997182
0.991247930160368
0.9937807190099973
0.9949540233115212
0.9130083174580088
0.897558048703085
0.9623650574966256
0.9649881219659573
0.9761153583423806
0.2147176756951793
0.9731396634144802
0.9966952727701143
0.9966539738397564
0.9930933524857601
1.0
1.0
1.0
1.0
1.0
1.0
1.0
1.0
1.0
0.9453559614831647
0.9839802003818734
0.9697955105551934
0.9664089860810425
0.9711865191435993
0.9693382660904615
0.8654251308876599
0.9965812517186218
0.995681967645185
0.9950067503902347
0.999489904622632
0.4634943506072696
0.9737369867247854
0.9801571962705746
0.9844231088238362
0.9897290017131738
0.9490175007636568
0.9289832522373199
0.9958069549456184
0.971230363328918
0.9888795227673011
0.9172990004778641
0.9858949616603634
0.9974871311584621
0.9940691502420242
0.9793203691643606
1.0
1.0
1.0
1.0
0.9768675679193088
0.9907980121848239
0.9931103820104752
0.9994396812134675
0.997985769766642
0.9982687536387931
0.9292040560406327
0.9938465817110077
0.9968718348529733
0.9960233949646277
0.9900422048138148
0.9899322909988203
0.9950809049183363
0.9843220334089983
0.9948352597809078
0.9942522180201327
0.9942637810768119
0.9936209980214714
0.9884268367410859
1.0
1.0
1.0
0.9953530736218248
0.9941966436303059
0.9939511868441496
0.9968745299497576
0.9944617146039764
