0.976590213249457
0.9858117848264487
0.8609369702169205
0.7708906693542714
0.986660835253262
0.8260066463172312
0.635369901397077
0.7405555436257769
0.9954151021512327
0.9726239111892653
0.774629056772372
0.9680843416606607
0.9644106113487892
0.6355684561830218
0.5440390433106641
0.87034985292626
0.9847332130966266
0.9697322229560953
0.9909784205632957
0.8506057134618474
0.9772203308879277
0.962720629897709
0.9872584078950042
0.9683958971358975
0.9981468977644281
0.9748806277234365
0.8997402037362534
0.576437807575387
0.5615939715712193
0.9818069182482299
0.9620267526324093
0.5134588349638525
0.9114511378004635
0.9941869097979664
0.5196889970760536
0.9438740091238533
0.9030892630287075
0.7709440060594505
0.9446537589517688
0.8369918777921184
0.8259872762251276
0.5335489763866298
0.5764062811387671
0.8223899357003595
0.8534136340683403
0.9745626798208367
0.9894991391472547
0.6594611385217648
0.9884074748822435
0.6713474551936747
0.8390978838493482
0.8638483166992273
0.9985990339386781
0.8936242674852019
0.9098416313884916
0.7711244510705315
0.5310144149796009
0.723986492089524
0.6145882790888917
0.9775263005315707
0.8037282794127997
0.9511550171143157
0.9291906912382072
0.8294914112283565
0.951257564214025
0.8009321397686652
0.9930955018075878
0.7140463869632342
0.5613232328839436
0.6542958928743534
0.9786974704888295
0.9950435250843856
0.7149292197148542
0.7963734993656031
0.9768414551949235
0.7610277268912407
0.5411534520634163
0.8760760115039399
0.9641396543106132
0.814745752268365
0.9594498067946059
0.8098939487326939
0.9999628883161862
0.999183462758822
0.9819875858808653
0.9773913699452215
0.9971113614841903
0.9821588378450299
0.9489315407003728
0.9317917758204222
0.9236714898849282
0.9083209743387295
0.7000056087779428
0.7835796226223637
0.8629479345816498
0.8766415838422144
0.998547481745742
0.9354618297420334
0.7718645801310197
0.6927642191219261
0.9124432863573954
0.8571155131821074
0.9965135729633634
0.9016793253118355
0.7233173496764733
0.8122149269033988
0.9269001739730808
0.8410616703001141
0.6752760141649871
0.9976524456656441
0.9537459257319761
0.7253805848801158
0.802526870831135
0.5315723983768966
0.6724895223646818
0.6020240156411041
0.7085652882081731
0.8686791788724112
0.9363750063423169
0.5582647978026798
0.9406341729297366
0.9122022447394185
0.8955930479783406
0.9765196765502153
0.9876160826270485
0.9996673233108445
0.6553983213448638
0.9028782896979283
0.9999225025501893
0.9949191967029359
0.9927978667390964
0.8986122165713872
0.5524762955928543
0.6588559833375845
0.9945183909393834
0.8123920490107961
0.7449583354653603
0.8189341115096139
0.9825378129939848
0.9544066492445774
0.7440344008757463
0.6501244736052836
0.6854749201997452
0.9288486470636862
0.9835403449293344
0.7728711392163036
0.5977830021397668
0.5661007185203326
0.6760246744731517
0.8907635732930531
0.6342972127130165
0.9704672602591725
0.8540874421765714
0.9994287396915362
0.646098764611441
0.8660393154353663
0.9633471013329802
0.9480889897641888
0.8041110330545251
0.7122241993826894
0.7985655943515672
0.8812982767550064
0.7217227477248229
0.902020518378604
0.7968365274668275
0.5073285658395973
0.642628192919845
0.9136973674105942
0.6829570784144208
0.8673524258950746
0.8995183438901961
0.6668368222345225
0.7610290245637256
0.8292625017551872
0.6172814760142911
0.6159978335253405
0.8191507520496218
0.9371476093144735
0.9986354628886625
0.9995327385273882
0.9487937126543174
0.9545892207175214
0.9864731572064273
0.7005789070220748
0.9759799271632142
0.9995714610986065
0.9982091710029481
0.9985758179125077
0.9911774191951062
0.98294945076864
0.7232676111265024
0.8293423154424614
0.9063306660846159
0.9859000905070998
0.7410923458580256
0.5183268494105955
0.5327244944709147
0.5838741097536898
0.5556669799191517
0.6522377029531508
0.5520292533450153
0.6549002867133651
0.9406932025638388
0.9996279685844349
0.8855300968272493
0.9900257619508593
0.9995993975802507
0.867311814304509
0.7312518383311434
0.958220921896105
0.9516550207657875
0.5434491757614988
0.9849903875303339
0.9913455015061334
0.5738038869525012
0.8995999297159091
0.9611767782832229
0.8550404064970536
0.9326165700038421
0.6686755572822338
0.8819623991050053
0.5406071009163267
0.9914024749209931
0.5870197013824254
0.9443105922532925
0.8728727279341223
0.9860406605106292
0.5069914720643633
0.9494234813943141
0.7475753847654584
0.7961857539853914
0.9510883008514959
0.8928280413074874
0.8583455762608894
0.6965583082972707
0.9976868960329356
0.9998614456493682
0.7708445235547148
0.8510410625601016
0.9841141599506648
0.9687739234841837
0.9780050523741738
0.9767470628380835
0.9939000075370902
0.9893112935249363
0.9644873070430291
0.9982190559299501
0.9883597774091404
0.9986924261235118
0.9915135130008151
0.9999999993979847
0.9978658483843204
0.9999707962645543
0.9859668869131705
0.9876994445684024
0.9977458966059986
0.9954835027681808
0.5882692637623541
0.9793292896602637
0.990787747908395
0.999996380263127
0.9823848169163288
0.9965621922214503
0.7831108666320279
0.9961212938362292
0.999407163393521
0.9999222952610214
0.9990952405481378
0.9995028569142962
0.9769676137667958
0.9954180233239488
0.9881016548528978
0.996366326762275
0.9946417791812884
0.9908015784168723
0.9954941327182939
0.9976147570546477
0.970217297999988
0.9994611706818102
0.9623350280343574
0.9753748299682372
0.99980552353251
0.9999996752133358
0.9997682690118679
0.9999859715072176
0.9926369352590503
0.9543892863829722
0.5161308413321967
0.9914853395767683
0.950883400694979
0.9552641759802006
0.9156811272490153
0.9951346576674448
0.9968712999877011
0.9987655537346442
0.9979602376762192
0.9686081782989027
0.9999953148448212
0.9878639715970466
0.9896511819193554
0.9930053950836528
0.9629929435136673
0.9999996756368965
0.9471940329166839
0.9997956596756133
0.9981416852860959
0.9999707429077921
0.9897931528543813
0.9994355255009442
0.9991885700450405
0.9903252713184989
0.9587476515586221
0.89173690456996
0.9978980672494195
0.6535843096855394
0.9966517746194464
0.724045155974129
0.9978687635536094
0.9999119718516388
0.9990195793374747
0.9982048495249265
0.9992905774000049
0.9976376150071314
0.9976443809319673
0.8374201614379764
0.9907644900336152
0.9941113131274296
0.9774338774176827
0.9979952779443141
0.9619454765078768
0.890788486806071
0.9962536694200336
0.9983207970714087
0.9930012697830553
0.9925866237903845
0.9826436303053372
0.9956507623130857
0.9268752511542633
0.9918692178792792
0.9894337502173236
0.9553041311529453
0.9931531495763272
0.9875759139366733
0.9988852938618639
0.9175222830990427
0.618934873995983
0.963619949722414
0.9418145080416724
0.9877666550942542
0.9972501976090102
0.9895630361739416
0.9723896420358419
0.9999996042843775
0.9473358077328354
0.9592552465248333
0.9999968526699282
0.9657886990248801
0.9419751975130309
0.5984205271968932
0.9999855301721663
0.9872490798625346
0.9948857044679829
0.9925830680629171
0.9999997369850252
0.9881611443273159
0.9990989139297274
0.9699913930335159
0.9974719882695584
0.987565836708249
0.9952953674517574
0.9722436268847058
0.9918944606312187
0.9999946704980922
0.986793333057972
0.9999326490794339
0.9821017590777491
0.9890870611876834
0.9597278771587139
0.9971653456231393
0.9632335520130376
0.9287899098164625
0.9999994802100625
0.9811462842922788
0.9760629396576217
0.958921835033496
0.9975238977675713
0.9998785091753758
0.996640050101211
0.9969633025678228
0.986882538795448
0.8159021306799721
0.9942075808485346
0.9732988864328196
0.9045928519048897
0.9548033998728064
0.9999324372912374
0.9988333190527622
0.9999986746356118
0.9973859282669801
0.9736107311322
0.9504480504082131
0.9948916975943901
0.9964179257416843
0.9999995001430045
0.9110788761440296
0.9889430630586199
0.9972863727722175
0.9988569368860518
0.9967732771516644
0.9994943255001439
0.9999206160958877
0.957822405226181
0.9999738055957111
0.9999123570641508
0.9979689260803184
0.9751280604997101
0.5948646719616015
0.9999975416520307
0.9866001450960059
0.9985175479902084
0.9834169719307945
0.9692597126454613
0.9907788258300934
0.9884880525184605
0.9923059803798088
0.9934732265382377
0.9914974412250754
0.9872161621949904
0.9917612905314159
0.9993417310881889
0.9396360507823954
0.9952336320636491
0.9973570415404284
0.9975257844439216
0.9972082228772939
0.9850576702575449
0.9856242726151291
0.9994298149340506
0.9984790832670847
0.9993216847802096
0.9929850905465263
0.9991162108285874
0.9275498358289551
0.9983751236470639
0.9787260716655497
0.9593824855204628
0.9971072333049826
0.998961958780656
0.9891987160461488
0.9988555849627848
0.9714377000112
0.9870386727992642
0.9982456483701287
0.9999972043986735
0.9697856183637988
0.9997985223323769
0.9545012839330639
0.9920998944791877
0.9995986425175104
0.9994303855057676
0.9868304441779596
0.9997368594447551
0.9999855041213134
0.9921368259995322
0.951895103095148
0.9586916555448136
0.9999999931018548
0.9829539540204415
0.9955144555609061
0.9998688883936631
0.6433437732101045
0.9997693552898639
0.9999988717469326
0.99999555284984
0.9901400791969264
0.9929213301910848
0.9999879981166219
0.9760724084170519
0.9986394449540266
0.9999992563380399
0.9991289106596145
0.9989033235012079
0.9943003415696945
0.9740982071183588
0.9974101609415047
0.9355277734987217
0.9913488008286498
0.994789864094335
0.9974746767834884
0.9984306676829291
0.9999574888303475
0.999924003236146
0.9999957979280929
0.997193361174412
0.9995947895187438
0.9978902109928975
0.9748883452820641
0.9943230964437096
0.9986150381767817
0.9382922199597932
0.9999823473215013
0.9726555856491157
0.8029554336015966
0.9924972869622296
0.9655584246812937
0.9933042582116479
0.9982953024203736
0.999999048303412
0.9993358455766053
0.9938854069510459
0.9874290980520681
0.9731047865210063
0.9984674266651635
0.9539586975880338
0.996995707774565
0.9971291898608028
0.9979161841028363
0.9978935467394021
0.9991655905239943
0.8970505180040923
0.8766333762468282
0.9889962300386946
0.9323737500378424
0.9997828634266737
0.9999831504893723
0.9967438382993008
0.9825079530516059
0.9763131396320894
0.9870782356473121
0.604195818848296
0.9999999984704926
0.9993456222999308
0.9929772530320992
0.9039391467068173
0.6978477947713644
0.9994384161616067
0.999284247996909
0.9586559449577334
0.6947937470768109
0.9836066109619565
0.8270983124325897
0.9997645692240043
0.8873620490637147
0.8643754834156273
0.9199305909953509
0.9991031529782031
0.9950071287453565
0.8954122077741914
0.9999999998468654
0.9999999986583366
0.9748986845320308
0.9979188733092224
0.994600214993242
0.9962563561456617
0.9902450921749186
0.9999953141415372
0.9247339746485158
0.9098296130716554
0.7504841709252039
0.9978260560340475
0.594469566268163
0.999982642586196
0.9928227679147152
0.995597880077573
0.9988741812485984
0.9888909888071182
0.9961709025528437
0.9581675734010526
0.8419062111833615
0.9939461036559469
0.9985414119794532
0.8966769887387425
0.9985206528707694
0.999913088169867
0.9971615157985969
0.9998219120905013
0.971904232640191
0.9989216686191618
0.9252895608254986
0.9918669676195035
0.9919391077680397
0.9793117454131475
0.9901039324405319
0.9719167747197774
0.9969200867605995
0.9982792945632051
0.9995233532915905
0.9999993325937666
0.9987751105975201
0.9762875952668127
0.9999925099963657
0.9954083698197284
0.9989728741029784
0.9914862528165411
0.986678813941775
0.9999680514375349
0.99979962842026
0.9997715926030626
0.9739933519599253
0.9971245470765397
0.9876247403264508
0.981802127320886
0.9801370987897223
0.9998745532799442
0.9968063340153636
0.9386349472072909
0.9979056534055378
0.999971390393998
0.9926497540451594
0.9997588615071841
0.9889991895696538
0.9997900581815989
0.9999983399143296
0.9999998512022829
0.9720717560241812
0.9772309101598187
0.8005933788609185
0.9933923439581738
0.7128674058121635
0.9828496381293943
0.9729429372828755
0.9080627063359753
0.9367848462748815
0.7591272169868168
0.9673166644865497
0.9970228098977822
0.9992213656599298
0.9911763633292034
0.9696763673019761
0.9999873584117391
0.9997912819201064
0.9999384559753041
0.9935160264761389
0.9988660575929478
0.9913599802061985
0.9858428917776785
0.9948006760094821
0.9040567197992495
0.9963429220584857
0.9965035345356721
0.9995373576896676
0.9920947567325421
0.9898968487344798
0.670629700024108
0.9865843097484629
0.994023108563059
0.9923548308060727
0.9901705889990746
0.9874332145934774
0.9769306001234365
0.9266956198896147
0.6596935785745905
0.9995553065770535
0.9953530504280261
0.9504807777446291
0.9940646544313574
0.9994796646562375
0.9722316405527086
0.9961068997183302
0.9884149051762484
0.9931521992393646
0.9911982640821978
0.9638897113354883
0.9976345351328413
0.9985062850443649
0.9957907772501546
0.9904191985900359
0.99474222776487
0.9926846631138165
0.9926876937570132
0.9938730854506068
0.9832888329458903
0.9957905258718268
0.9871882491109615
0.996233807784211
0.9960799072904537
0.9542089356675915
0.943990040164805
0.9962122814079406
0.9891753005776239
0.9875036764820974
0.9871482250487008
0.9991218259971563
0.971877513079142
0.9905088442408964
0.9958509158947292
0.9917689842953332
0.9844718681946373
0.9943754250838203
0.996287138180999
0.9882590739563922
0.9756086878100313
0.9914650189667787
0.9916361797093168
0.9895026978636065
0.9899290604918137
0.997211115759501
0.987099468452116
0.9946487240468105
0.9874808677224836
0.9955592368960265
0.9608007261834584
0.986803200916646
0.9934244557922116
0.992999515129124
0.9525723951050854
0.9287375467110012
0.8285950307014864
0.9765143682951425
0.9839988636633286
0.9999371307608879
0.9546380297060101
0.9945837310846056
0.9837571834289737
0.997666442775067
0.9666632165573851
0.9872543534423223
0.9649609211847163
0.9816842099304811
0.9964470523509478
0.9189696204992303
0.9899779042566405
0.9872254027395612
0.987989470432211
0.9999997022808838
0.9993104304341526
0.9731199140093346
0.9957076551816753
0.9997597316078694
0.9992448373031185
0.9974545612397171
0.9996809784010345
0.9998293738854872
0.9969543256460648
0.9971546087463429
0.9857347414123019
0.9999996802812251
0.9998893695395147
0.999999644005156
0.9999992382909153
0.9980718015695668
0.9822514031849462
0.9999999476146376
0.9899403965002953
0.9995678887106014
0.9999658172999789
0.9950065413384583
0.99999740367752
0.9999998940526488
0.9991127398197714
0.9999966319255612
0.9996751190911887
0.9979312521805145
0.9948514701836173
0.9802277386375882
0.9749001281944693
0.9999815677429259
0.999676158965358
0.9973244970110465
0.9977114453024236
0.9999695011925823
0.9846238404605482
0.9996127580506623
0.9996893206804249
0.9999572945575282
0.9977073450916919
0.9999998966663144
0.9881723902144001
0.9977336061898308
0.9998602484060796
0.999762187013305
0.9946686962750161
0.9952505578650557
0.999993246530876
0.9994846675486371
0.9999204518758905
0.9806719707538715
0.9949433779430381
0.9903839489897776
0.9854879343359213
0.8619053165081927
0.9732809588676562
0.9315931026874577
0.9990784353920428
0.9990958252473069
0.9999746303152884
0.9560711955960867
0.9993902525111558
0.995805829932159
0.9914241708974075
0.9480737356934374
0.9173262421724223
0.9952392875479552
0.9981553070468331
0.5789932250975418
0.9999984065828779
0.996780464446909
0.9660352824744632
0.9996610654729275
0.9102497156832382
0.9985203478530862
0.9982254519397465
0.9833502621520949
0.9681500804736265
0.9999929769012349
0.9999928142983208
0.9993627778895257
0.9994517233292234
0.9999679164915047
0.9994434698236766
0.9896816734371628
0.9838432073577728
0.9999542515248446
0.9985460943968623
0.920546288309492
0.999999990113316
0.9999999852956503
0.995054650591232
0.9855053215395583
0.9992330977386613
0.9999989284729502
0.9999999848217647
0.9999884883206233
0.9999999646805692
0.9999676284918763
0.988678619974214
0.9501408129139882
0.9999901815224207
0.9887361651735544
0.9948352369353125
0.9982999562581537
0.8788876574845086
0.9983530801974076
0.9924964541706379
0.9998219699422636
0.9998008949559712
0.999907954721308
0.999995692807918
0.9941652819953153
0.9999067266802057
0.9999985016496928
0.9999136039323345
0.9872554211392289
0.9997552363514229
0.9941775465357106
0.9999037314430534
0.9798931350805284
0.9930546571604357
0.999999951569608
0.997009393676784
0.9941321218932717
0.9998401442903516
0.9100365652470305
0.9782951702725579
0.993942660835304
0.999999553660726
0.9665211026902565
0.9884761529743308
0.9942929072272567
0.9999992668048343
0.9996424119135661
0.9998364911476835
0.9575184928850644
0.9989364702543229
0.9999990140776799
0.9999878278430954
0.999673160302345
0.9999833343103981
0.998590256024638
0.9997726394503242
0.9984785161125673
0.9959934184565971
0.9890670495680219
0.9441063201601355
0.9930909282486691
0.9994055531185132
0.9816925788768704
0.9998453347401345
0.9999998945684097
0.9985276062957726
0.9826356866093386
0.9999963293140849
0.9919119296677505
0.9976357839903874
0.9997032667909126
0.994951341224965
0.9884499731104909
0.9876923551108314
0.9941426715606665
0.9863128322187412
0.9904001879380427
0.9833447672323445
0.9999986609576736
0.9999513096157194
0.9885803084569282
0.9874491406676484
0.9973430377486048
0.9739657907436408
0.9993798750801867
0.9871972069670789
0.9999984565283622
0.994781249697512
0.9919454152142012
0.9999959046134425
0.9999947361680754
0.9999845536728693
0.9719554087880952
0.9830690364694356
0.9999629505736276
0.9999938877124313
0.9999999689017435
0.9991339988732608
0.9994637360139507
0.9703695464308422
0.9999976766262162
0.9998830213003542
0.9821407230676573
0.9999434790597423
0.9961482171447471
0.9999999555351771
0.9999992356066733
0.9999987245742428
0.9966549723787654
0.9999794080762064
0.994164305147633
0.9540723703603519
0.9999779880699928
0.995896452175451
0.9999978470782062
0.9940356105418492
0.9999634011815679
0.9961933089945411
0.9881815916509317
0.9999428901892357
0.9994349389370631
0.9987762211271685
0.9999385570611764
0.9996665347222291
0.9977019835570394
0.9999099393404305
0.999998649692447
0.9999996706918665
0.9968084991973462
0.9980987206784198
0.9981358052623535
0.9333619192579232
0.9913177089487956
0.9999865148425614
0.9999114951349137
0.9883904521098962
0.9856076072324622
0.9999806495720855
0.960898665188926
0.9999953803172665
0.9986620640541412
0.9859336220788957
0.9839819345443656
0.9998735695886932
0.9762950602130446
0.9999143404480526
0.9993531227030659
0.9875334571585949
0.9998644900711146
0.9994669399775619
0.9999264326278372
0.9956301324766871
0.999484636607038
0.9868068269983723
0.9999343954250487
0.9962133874419666
0.9340099791454199
0.9999388740633501
0.9997084008304251
0.9985245678907133
0.9997745302045583
0.9973535987456901
0.994572707367317
0.9972566796566786
0.9929031982777831
0.9961466844665501
0.9998183544359374
0.9999999940245379
0.9974820038619224
0.9967647959367242
0.9711042171879233
0.928397909775589
0.9999993437014456
0.9999972494395778
0.9999987579232852
0.9985918897440251
0.9939708303226715
0.9918741303592623
0.8816272708708994
0.9999703259381998
0.988479875578521
0.9925112313387913
0.9999999722856886
0.9999997806303899
0.9999930997913475
0.9999993900794716
0.9648964474320564
0.999708460384877
0.9996677886855344
0.9929944091116666
0.9999883111521175
0.9939963637251251
0.9079963196558514
0.9647932449008797
0.9822429674284179
0.9869772583849313
0.9971025063726926
0.9999980813340883
0.9999927367681454
0.9999999545534658
0.9989451481449011
0.9999578728303138
0.9999980887751069
0.9993559616943819
0.9999652902699054
0.9999984808405166
0.9997339001875629
0.9526647245027918
0.9999984656322161
0.9999727323956071
0.9999999825446616
0.9826209543423289
0.8861742668696152
0.994741615714478
0.9983629978658403
0.9999980129327388
0.9377465556952802
0.9999640277612033
0.996595723852998
0.9998611647638878
0.9988092610952158
0.9998009225060425
0.9996303804330416
0.996623944987649
0.9786977946285944
0.9999902002206761
0.9999323025507005
0.9989012011489476
0.9996274702315875
0.9999946586942962
0.9999995603753192
0.999984978451781
0.9138557151610057
0.9253921527146993
0.9999778671111447
0.9998230730927291
0.999933881480666
0.9999788997362451
0.8762654134513084
0.9998897241166714
0.9999747904431174
0.9938042013776448
0.9648540631663185
0.9999981087220775
0.9999983989712709
0.9983655491234055
0.9939807510803321
0.9999977559987603
0.9995425157525799
0.9998491354404537
0.9999952957417567
0.9999851221853941
0.999167986104139
0.9999729565187165
0.9999987564782484
0.9999999950245477
0.9999999871732287
0.9998634500459207
0.969195204188012
0.9675070796379495
0.967100122926653
0.9958477673808827
0.9608481699727606
0.9951422546754323
0.9999999999993878
0.9966068042368582
0.9997319003216829
0.9982309271518705
0.995627826089777
0.9783367447925548
0.9149282270386982
0.9873281623784292
0.9994644295472619
0.9999361468506403
0.9978358992579087
0.9999966206520574
0.9920248212098823
0.9902849702211466
0.999999512481092
0.9923992427726631
0.9999981156721065
0.9999558793611442
0.9848606053059691
0.9999765487271716
0.9999879735368519
0.9946804874169612
0.9977252978984008
0.999639372386887
0.9989950125032292
0.9999988475974795
0.9999997112737126
0.9116174770576513
0.9998480176912619
0.9999885367697501
0.9993981163132543
0.9945020406808652
0.9943639695319397
0.9966868875015691
0.9549256526255542
0.9999908299562956
0.9999980579807302
0.9999981439880476
0.9900153400095967
0.9999999588227318
0.9997371540832708
0.9919695983589535
0.9902996338335764
0.9999995591951734
0.999996506089473
0.9976728453448938
0.999999999923306
0.9992407365209223
0.99999562383591
0.999995790438778
0.9988610376103684
0.9950311532181493
0.9959490879603308
0.9999999982615935
0.99999979024111
0.9999700009569469
0.9942996032121381
0.9874256994536403
0.9999933097137903
0.9999881420583585
0.9938682200230103
0.9985667318786854
0.9947839730593203
0.9995093173086164
0.9999994034252417
0.9860163416749076
0.9946186438201564
0.9897960243380871
0.9997186183007996
0.9990892219089954
0.9736763142709864
0.9960350314994738
0.9980967394696059
0.9901753158512594
0.9999415096484549
0.9999301240617641
0.9995029508655848
0.994952981505724
0.9820220044047211
0.9896120578445987
0.9957381899560813
0.7339152730650707
0.9705155400867113
0.9869372694274496
0.9652489470430448
0.9791237161962242
0.9950028865118702
0.9846626354750877
0.9645924227458496
0.9990917077425164
0.9322033321617175
0.9999907467005171
0.9974121535319201
0.9999918644661152
0.9999513965425069
0.9824509353778802
0.9951101894950963
0.9999981608977847
0.9741539531997134
0.9925231149298809
0.9516195887294028
0.9852330422283134
0.9020278278733173
0.927298640291601
0.9999047545600178
0.977264017171152
0.9999716599641657
0.9949310460574411
0.917130797920206
0.9999891290437486
0.9999872134687258
0.9967571689861926
0.9954271335332725
0.9871561299566328
0.9528199480262247
0.9999983548092749
0.9982556748944779
0.9993033391784568
0.9984341212407671
0.9975855621853661
0.9996372441653345
0.9991560272338772
0.9990098292929637
0.7801477033416039
0.999056095772151
0.9999714443945458
0.9997645294898934
0.9965994616760772
0.9779638897556572
0.9598609531317814
0.9882838102806767
0.9991047030863479
0.8257659051958165
0.9961711258579482
0.9953082639422165
0.9272963220732076
0.9999181400855233
0.9999396298032981
0.9985898160458513
0.8295367883665535
0.9996102622805965
0.9841770449129836
0.99986109662935
0.9996332879726635
0.9847290414235054
0.9927052490886377
0.9954767294915349
0.9794374362131846
0.9856110066309188
0.999995720143099
0.9962191351483847
0.9999493033959626
0.9695624269308066
0.997601276428278
0.987364177905981
0.9673405100767075
0.9994554230547231
0.9733053667582487
0.9693597159048166
0.9373954404724321
0.9710261195499343
0.9943670263164585
0.9923887768656224
0.996753561182627
0.9772330827067096
0.984734563428271
0.9980786436017284
0.9236954551730748
0.9999942431034076
0.9994586850131378
0.997001204097714
0.9996848025005389
0.9999943668915189
0.9443128744928523
0.9924694654107729
0.9717663613958213
0.9910950861567177
0.9798035443816636
0.9690495416346661
0.9989209391305663
0.9994799820247674
0.9999988815079535
0.953289540437609
0.9940196368944451
0.999992961836632
0.9309175301022917
0.9997091150280618
0.9964075886591043
0.9943855894945828
0.9970857081153286
0.9999910564381793
0.9905926612342091
0.9744173695037369
0.9982460628123846
0.9886333123176152
0.9771407801721305
0.995660073408917
0.9933088289908265
0.9995868637929766
0.9937416544130994
0.9997779261000321
0.9981003482436916
0.9304688546793868
0.9663791229769139
0.9688219611653549
0.9974048959968354
0.9952370478938971
0.9991207017424545
0.9847754539093719
0.9960109626064888
0.9993631108727422
0.9987134410046682
0.9986622952774992
0.9999996676064214
0.9910574307776311
0.9995451485972493
0.9527672203360256
0.9999740925990199
0.9836856203072867
0.9993844633495027
0.8923154505496171
0.8416063802917473
0.9592763287365107
0.6762026193805664
0.9967106972999911
0.996942195599041
0.9132561372981478
0.7558177431719642
0.7588908660470213
0.9165643788799465
0.9995306573081749
0.9999441075989942
0.9941380097047933
0.9990623144956108
0.985090122962574
0.9993078398692671
0.9949960362886983
0.9996944286947598
0.9814362863497965
0.9999892621081659
0.9980656356941252
0.9914619137261881
0.975094706239017
0.9999742030321508
0.9927196557403364
0.9701152872686106
0.9040578522481202
0.9997412007287554
0.9999962509095451
0.9604086235229481
0.916064038830876
0.9980041315097165
0.9999776426286917
0.9982273653649452
0.9987119920263409
0.9989790309919803
0.9999969455624724
0.9998062746228661
0.9861287270872234
0.9897687403480535
0.9999681330365143
0.9921847523896189
0.9999977406767173
0.9991671940687951
0.9997494817294812
0.9999234773321658
0.9942064825035114
0.9824173850108455
0.9869289678997617
0.9721415265596205
0.9935498889459926
0.9755941426915148
0.9806974912688284
0.93534917987477
0.9585966142658936
0.9999768212571004
0.9998410248042211
0.9998972371088516
0.9997418088148666
0.970806928033796
0.9999985322097281
0.9999898646765353
0.9981330874158669
0.9788167088181274
0.9999999762631703
0.9785029724237249
0.9707275266491261
0.9852017742412156
0.9509759234073456
0.9793455530356193
0.9998560931109775
0.9995058679107026
0.9998205610481897
0.9999960156847023
0.9980720342890628
0.9998520173643627
0.9159629084907912
0.9982680398970076
0.9998025915622224
0.9947888307353859
0.999997149101424
0.9926479680845413
0.9999947632946191
0.998201157738995
0.861965962842047
0.7882490381771415
0.9005077866921093
0.9794032213746999
0.9999802515670108
0.9999146439390912
0.9999464342428781
0.9965275730981756
0.7952835093319612
0.997370221684783
0.999998387884811
0.999777134047804
0.9998819110822292
0.9998806814292978
0.9780387840204572
0.98160883372444
0.9986276613735268
0.9067097895780758
0.9970095391134719
0.999937126764082
0.9975862368482147
0.9998914996266289
0.9933486068870856
0.9992893596658741
0.9997901208983678
0.9995222754554307
0.9925500588760662
0.999665034835297
0.9999770208957042
0.9999920234426647
0.9979095355833669
0.9940954334920469
0.9824403372617062
0.999911660457259
0.992433231530877
0.9913335659217778
0.9956496627807898
0.9953784476218019
0.9999942149250253
0.9822577199487894
0.9969437709070482
0.9997295222737468
0.9988851546317271
0.7749589936932263
0.9998834773053823
0.9947150652723548
0.9942896814595571
0.9983956060375262
0.9984419642434916
0.9999999764376385
0.9847713353017991
0.9290508443801063
0.999809706503654
0.9898914755940532
0.9982079582873423
0.9972228406245723
0.999950347000958
0.9527761035596602
0.9989078783814745
0.9710922064380936
0.9998584695969258
0.9975401087205462
0.9553435085950636
0.9980543538907451
0.9457601747884259
0.9995709276953011
0.9874632200452865
0.9992627035989659
0.9967117734199269
0.9490185312289496
0.9998102052690566
0.998200918220094
0.9998382497364212
0.9971331938149953
0.9998754072954346
0.9572414526694641
0.9744179368195789
0.9990050641699433
0.999538019496806
0.9999950146174612
0.9867154704374997
0.9999993136922206
0.996797645493812
0.9937970427373374
0.9875615619579253
0.9942193715143196
0.9948171597759894
0.9999991472497805
0.9997883816858559
0.9999929788510812
0.9975384579519149
0.9551039300641384
0.999333970537393
0.9821281987590871
0.8625152088674095
0.999991409292606
0.9294509893608839
0.9999833014468298
0.9344073893694971
0.9985567382253069
0.9914043010374977
0.999982629994162
0.982304525964864
0.5185938848337979
0.9999471311835082
0.9968642321122595
0.9986669836187119
0.9981901273181181
0.928935807489597
0.9999393172750669
0.9946073474913779
0.9865550684970468
0.9784427481020519
0.995645482712013
0.9958668099345693
0.9999913258223305
0.99237564192092
0.999886766685513
0.6843696541456595
0.9944977347293352
0.980276246186755
0.9985302516620063
0.9994782748090687
0.9914054206163863
0.9994084083786222
0.9944142791802192
0.9968827233710795
0.6373964997769866
0.999334570338141
0.9806568587269495
0.9999943150778067
0.9978571453368076
0.9999991491301766
0.9960792632430427
0.9999428719394184
0.997789598519864
0.9949030465368588
0.9863949334419585
0.5790853298465807
0.8473541878253259
0.6070349978552189
0.9798399675514826
0.9999985348915033
0.9691877182909635
0.9785965721399903
0.9966623599152746
0.9741494107377747
0.999873413874496
0.9897243886220511
0.9999973873742731
0.9999486398228935
0.9999667791047602
0.9518383562383135
0.9993791022830519
0.9205250493459076
0.9983218882631465
0.9434038150582076
0.9732419675587227
0.9990483671173392
0.9779838745114401
0.844984663818476
0.9675414039327367
0.9990746049131173
0.9996265243152574
0.9985713010772239
0.9964673906335523
0.9972248456426488
0.9654693835258082
0.9287852559770465
0.9986666099993903
0.993959738766198
0.9962493886303291
0.9998396991988416
0.9964309607822532
0.990940961949611
0.9981654661586554
0.9978402215719789
0.994933677414274
0.9769744297662247
0.999120234416198
0.9971803841463126
0.9984328366676515
0.997832405252001
0.9893885723415006
0.9977687011940435
0.9967762531391561
0.99795945072114
0.9727614099640822
0.9484387954101012
0.9932659686369592
0.9897567837421348
0.9537190553290716
0.9829503754737943
0.9973693575165191
0.9855502109439851
0.9723203362256689
0.9756401215518988
0.9909367726771894
0.9848339640774336
0.9278647959271776
0.9976768862559771
0.9945606941050927
0.9525942390061793
0.9927482908522488
0.9850388465261735
0.9793335220233931
0.9971053502337484
0.9939256625304121
0.9937257980841979
0.9545227855225624
0.9842227770066176
0.9864290406030068
0.9852065660178655
0.9947278596901953
0.9802764801086957
0.9980135836788725
0.9755911586290676
0.9775584048594667
0.6370505576700649
0.997201909685972
0.9893741751436658
0.9918809250001984
0.9639340480867719
0.9877587630967348
0.9888352457162584
0.9678255362492987
0.9485414889145457
0.9897656978246625
0.9975977694756799
0.9213970206512154
0.9651905228777887
0.975064814656911
0.9999246411029035
0.9999493684983406
0.9873809661512911
0.998342761771874
0.9982378646766942
0.9986068675102208
0.9970177017188289
0.6215229926222294
0.9392483110905184
0.9738625668011118
0.6710213186982413
0.93334378503767
0.9999960704844584
0.9999848904265918
0.9998287049748562
0.9947902621566416
0.9980331302510431
0.9976609295895076
0.9496560909705606
0.9858644450746864
0.9571358883055737
0.9823451983536705
0.9999981740311152
0.9934473934537691
0.9774384411013272
0.9787379141618379
0.9954290192806615
0.9999840269773707
0.9999999685194644
0.998365219697957
0.994567289929692
0.9974891995386137
0.9969478591975187
0.9999090360662551
0.9992638960890814
0.9993649299555338
0.9970409464948942
0.9999420028693435
0.9999540376204406
0.9999843386586295
0.8080758347086734
0.9996290637025573
0.9760251624543709
0.972081324218782
0.9979909882183052
0.9780059450148477
0.9999991067296387
0.9932011676776232
0.9987771790553056
0.8880906236203371
0.9983489068849767
0.9819938767289409
0.9991907518434301
0.996785513365468
0.9988782414127467
0.9999402517781417
0.9916054085617757
0.9998959484746417
0.9948508221554414
0.9999999879241658
0.999970257158371
0.8967943334621596
0.9953013168176612
0.9887512829769957
0.9999995957280263
0.9122358098973521
0.9802042979257882
0.9980744017111056
0.9997347287986558
0.8803623236692492
0.9999983815194269
0.991162534913971
0.9932364884125786
0.996481689448206
0.9999937428897915
0.9982022887463565
0.9996863909541813
0.9826398598804481
0.8388867260000527
0.9999588406450682
0.9944444781821091
0.9929501434795522
0.97156817021356
0.9977989628771075
0.9924801876655336
0.9914622094487267
0.9997609887155868
0.9999996727729878
0.9985176545163265
0.9999528959888422
0.9987681009688099
0.9761793654130226
0.9999235460688399
0.9999256604684656
0.999936712091671
0.9999971302493934
0.9999999682251427
0.9999987057560842
0.9882002864517683
0.9997901012378537
0.9999999888421703
0.9999942970419925
0.9912505743953667
0.9938023378221343
0.9999977139076388
0.9877342342810338
0.9999832914442013
0.9951523708443692
0.8995162041115559
0.9990618674770058
0.9999990526589082
0.9955905160546532
0.9976113865568752
0.9898223634371014
0.9987411422288213
0.9819348444897188
0.9931720544017207
0.9999925278145776
0.9998607888745146
0.9999960738236696
0.9999976731310034
0.9999987001627453
0.9715782029470132
0.9999952783945644
0.9984463561140922
0.999926345760028
0.9883679593442857
0.9888334565271899
0.9881500667301244
0.9972750075143415
0.9999995904682314
0.9917143198031966
0.9989923621721749
0.9999916622105758
0.999898095129544
0.9983041015009989
0.9993190276807924
0.9446228397248888
0.9999946453531721
0.9776899342321578
0.9999748486678525
0.9999986260780495
0.993603625198823
0.9998660540602907
0.9988816887430592
0.9998365832260322
0.99998633151508
0.9999871239897358
0.9999974094552252
0.9988937146391226
0.9976561840744158
0.9999971647017307
0.9998849653221313
0.9833573385055074
0.9994569725776763
0.9296607760966826
0.9999926323017886
0.9617543221375714
0.9995506745681925
0.9914789847644672
0.999827166887871
0.9999893623227948
0.9702675523454257
0.9946807980683205
0.9352691188164152
0.999870665164163
0.9915001977337923
0.9955114082704116
0.9999980387432342
0.992473842083295
0.9999917795326005
0.999957508307015
0.9983567905753482
0.9799911685262946
0.9999247877509827
0.9999930902801316
0.9999749000948573
0.9949765929289925
0.9990567025579657
0.9999957424547091
0.9991815299426999
0.9941743839669752
0.9862022937852029
0.9993515118103771
0.999962630884489
0.9999523413331148
0.9999961408737107
0.9999629271103956
0.9999804240546747
0.996136683025571
0.9999888649583258
0.9999531053825345
0.9998508746557015
0.9932178626113775
0.9725358477231046
0.974471870236624
0.9905335881290765
0.9998683867808347
0.9917194994572989
0.9984125902164273
0.999990814292279
0.9644774156594053
0.9999766749969191
0.9992354823889918
0.9977566324208335
0.9999892195697705
0.9891498613434561
0.9999860505278414
0.9868096828659152
0.9999719154252285
0.9999461823783636
0.9919735120405371
0.6072037069807151
0.9999982871774266
0.9604887239616842
0.9804092800471452
0.9999770686198701
0.9986201203836046
0.9999997898405151
0.9973662051278317
0.9999998333956934
0.9962217388186475
0.9992400880425805
0.9999812434666135
0.9995402835904847
0.9993913494529237
0.8634375583143855
0.9999838665073022
0.9996565423742332
0.9999999567241028
0.9995117947585255
0.9996681404535176
0.9999996594881024
0.9997844296279104
0.9999994433134961
0.9999598542024403
0.9999942047378706
0.9520484523846972
0.9996592399189566
0.9999434676147682
0.9942580212559778
0.9999982243247694
0.999999833435782
0.999172946908757
0.9991107443559298
0.9891275224633959
0.9999905293558847
0.9999967480371676
0.9999518748020113
0.8885731609849303
0.9999974935735535
0.9999991227822408
0.983474341935918
0.9980300439392701
0.997677705029443
0.9807690802354512
0.995719742875672
0.9802256325691298
0.9098746206545665
0.9973460321264193
0.9998961159369499
0.9999991355591283
0.9380266775386198
0.9999628893824734
0.9999986915042491
0.9993192969970128
0.9999765526140142
0.9959612122236818
0.9999855326628032
0.926018288155295
0.9889432310487172
0.9940273518685078
0.9933952338308082
0.9999924497346556
0.9994737010673675
0.9930414465318442
0.9999950168465614
0.9990092320229417
0.9988248039066978
0.9999987435501093
0.9973024185758236
0.9972999489923745
0.9666981098094443
0.9994629535547617
0.9999999336293015
0.9907297309244002
0.9999963073311763
0.9999974900733121
0.9886306950722944
0.9999969017244229
0.9791731891129846
0.9861397037622541
0.9858356969331796
0.9984278447897365
0.9989823649934839
0.9999890266584622
0.9999919299922474
0.9985115525545897
0.9999553792147746
0.9916265108177637
0.9946190645221172
0.9990694995434971
0.9991790599017804
0.9999800891920483
0.9999937449496284
0.999991808278761
0.9952279716970132
0.9999990691147883
0.9999880892640468
0.9377300145680233
0.9943556414800688
0.982548512757292
0.9977696748262458
0.9733335952958713
0.999998995230123
0.9999956533694483
0.9999993607007233
0.9996776859120909
0.9950059059400059
0.9853643085304384
0.9999999575700829
0.9999993005450677
0.9999912937890177
0.9999952122225694
0.995219737939151
0.9999823284400284
0.9998231372821913
0.9958324662674127
0.9990736087446418
0.9923865494961638
0.9828019555546494
0.9922012665026241
0.9999988838855021
0.9987605362375953
0.9969061868750612
0.9995373216087337
0.9999775272680845
0.9999850481168443
0.9930527124931231
0.9914592160213114
0.9659156597744001
0.9993885040955957
0.993754360214544
0.9991503453703762
0.9999901097976893
0.9999730514657499
0.9943559428571127
0.989895959922172
0.9999882530441683
0.9992604156079092
0.9999976897266428
0.9964002662597305
0.9999996086161782
0.9790028508015289
0.9983598153656784
0.9999905455852433
0.9999782126959884
0.9992165164398447
0.9999089038265325
0.9954063489367463
0.9979311939078797
0.9999949903977078
0.9929965057035575
0.9999979868978464
0.9999999769625539
0.9999117985877597
0.9839483207749409
0.9970758773702189
0.9963300651619921
0.9999995238685384
0.9999970847751638
0.999982787916538
0.9993641690400321
0.9998699505106893
0.9998448286832423
0.9860478262221662
0.9392184025925268
0.9999642338048627
0.9985543608723252
0.9998124423383241
0.9998944417197988
0.9760214410748396
0.9741618939187436
0.9999998747995503
0.9956266079540147
0.9999993776288137
0.9772338234998472
0.9968469688665021
0.9999351853507946
0.9999369712615662
0.9999258126582387
0.9999495596009625
0.9999978161853762
0.9998093332621352
0.9971333439763732
0.9989927141927358
0.9999677898430765
0.9995943565001599
0.9877179638520508
0.9999865434788463
0.9898156462719764
0.999995229416439
0.9996602649451812
0.9999988812096978
0.9882992059331981
0.9961363677984153
0.9999487412444078
0.99999635143004
0.999998428444143
0.9997144087938714
0.9999983496306181
0.9797386310857737
0.9920713575642081
0.9725030112211542
0.9715371112019215
0.9999990418959912
0.9999954578974841
0.9902411594314304
0.9980091107256555
0.9906148679909611
0.9999997276213346
0.9999990787935491
0.9999988603735912
0.9996963678799293
0.9999252734802185
0.9999552462846946
0.9903356512147167
0.9999980785804025
0.8897447032649266
0.9999980072697153
0.9129374389204769
0.9015259275059799
0.9998492936728348
0.9999979068755476
0.9990908812122283
0.9759027478859243
0.9999705969467728
0.9999390000073668
0.9999751740181938
0.9970484857907732
0.9712811334473166
0.9975690295468992
0.9992377565982885
0.9999959231667882
0.9989336220571994
0.9999961857494029
0.858113745252926
0.9768031952097416
0.9957165992254922
0.9999874285421808
0.9908631540630017
0.9546278919808975
0.998257621942881
0.9880372124343645
0.963609175389323
0.9886793729766882
0.9425699327416958
0.9973595622431913
0.9999988007930184
0.999999961674315
0.9962727446873382
0.9681664721177922
0.9974378944257771
0.9985147972969576
0.9999942869862434
0.9967947662410855
0.99894614237472
0.614615418518897
0.999598358543677
0.9944155990643817
0.9720775027942353
0.9938010981936615
0.9514526295010389
0.9583679438201225
0.9983056926688381
0.9976908963963003
0.9643027296856787
0.9541837498313114
0.9728471681499604
0.9978961398617342
0.9950979417701662
0.9999786600678235
0.9996969634996524
0.894446315904577
0.9997090617562724
0.999994327104753
0.9800355122651089
0.9990972248326143
0.9828274860588135
0.7982010878776432
0.9974132710819892
0.9805961965981925
0.9987869350629063
0.9854624249196876
0.9999712298790535
0.9999367139725047
0.9957515465009359
0.9979015788070889
0.9950301320565402
0.7723347387655047
0.9111524616031518
0.9995981822853948
0.9999984871649766
0.9998455132202645
0.9981323309790727
0.9923800362517872
0.9999876928884386
0.963982435229962
0.6962075658450175
0.9966143920909679
0.9899605014408133
0.8641320059166258
0.9980799336752428
0.9999070536767752
0.7782640526684014
0.9645218964107534
0.9918105201224225
0.9999889512408792
0.9973178983214461
0.9990768625990329
0.9645756325792508
0.9723836465439859
0.9951552633367883
0.9946890893157889
0.9962913012976957
0.9823843634580878
0.9955026849920304
0.961771985651214
0.9952328016555959
0.9995973943362736
0.9854535105188835
0.9804026314545202
0.9921924735902085
0.9711543435617106
0.9715860066514912
0.9872448824108006
0.8294816062762614
0.9939875183302125
0.9994060976859153
0.938955660621872
0.9999710629075003
0.9991858415735497
0.9574714260567292
0.9995604051196174
0.9905390962789515
0.9951567404517095
0.9958846612659437
0.9932428169494185
0.9983234264438662
0.9991387964866894
0.997778373115027
0.9912383973175493
0.9801442406732553
0.9940489192988523
0.996309077911372
0.9939211956638486
0.9775551933796955
0.9664614554991748
0.9989798156130355
0.9988710687735592
0.9949168108060484
0.9887121508057358
0.9860340689170147
0.9885940701570963
0.9820076298865751
0.9992970474696585
0.9886393833015322
0.9962436996466705
0.9787093958909497
0.835625642977148
0.9901060656124847
0.9924709690760735
0.9991931704150173
0.9958972343059846
0.9991817506904426
0.9809879166701948
0.9996184743413163
0.9959271861556617
0.9996378475195966
0.9999550115888519
0.9111873127048259
0.9877237419342533
0.9998792631690472
0.9827328219018755
0.9575316395015314
0.9999575468474635
0.9592665634486638
0.9773411251302515
0.9907273999764651
0.9967866594311272
0.991668688426458
0.8330170332166863
0.9954062098984899
0.9998040654324079
0.9196000450093896
0.9994639652828438
0.9998087273589528
0.9805683281539216
0.9999773656110696
0.9821141752695809
0.9991877038774609
0.9993462146443657
0.9056669665239859
0.9919064680172662
0.9963779310874497
0.9999945840488681
0.9812958367249741
0.9940737709125963
0.9998425687104298
0.9991691391740765
0.9992616683430333
0.9944569767214635
0.9813834143773514
0.9985895131846955
0.9743597047788266
0.9911893949485352
0.9993440423671877
0.9999860717304968
0.9999695210036037
0.9985789490997855
0.9661310065510529
0.9656165666280416
0.9793477057723672
0.8359526903272746
0.9878870922901793
0.9999482050181938
0.9742605749937319
0.9896480578343181
0.9987456654202432
0.9720388075871984
0.9682656420977963
0.9982723055025574
0.9999624951340849
0.9966013321121778
0.8807505018006127
0.9931883517517328
0.9691276181808363
0.9999217666320387
0.999165350027753
0.9994188694490304
0.970725760204995
0.8732882671636518
0.9999329392670082
0.9914710413698807
0.9958581456255995
0.9714967306739235
0.8936188995526649
0.9995218608000328
0.9978942810697253
0.9945136642643029
0.9967825937008552
0.9963167311252669
0.9847231072563684
0.9925965375143337
0.9999134286904355
0.9967872276406742
0.9919557127410447
0.9998991351514721
0.9997759593568696
0.9530240985920516
0.5501433824977123
0.9999522216290998
0.9928951475020773
0.9902404503060129
0.9993454946736721
0.9791003410795447
0.9861280124685694
0.9308313526846673
0.9999999808280177
0.9999365022547868
0.9999899959926631
0.9990935106233644
0.9925573645192248
0.9941908527435616
0.9995743846742315
0.970612125481767
0.973694359932588
0.9902427568923119
0.9997924618241889
0.9795240813633126
0.999925722287269
0.9999349645523964
0.9999770835840076
0.9999313834287519
0.9997874669192451
0.9998709906434963
0.9965990212015426
0.9999616533540517
0.9276043431408902
0.977028514831197
0.9984866418371142
0.9857014201213289
0.999999668272919
0.9965289600640924
0.9999975009244633
0.9848673655793904
0.9995760014722914
0.9999964411792854
0.9950744741942738
0.9998580001636502
0.996591477848594
0.9962777972885576
0.9989231711778642
0.993436570694176
0.972616122451464
0.9716127137766879
0.9948478702576415
0.9961463294001245
0.9088484007096207
0.9995574064098617
0.9959978886098205
0.9956406636832289
0.9885480365233773
0.9973810303647213
0.9554746192995892
0.9703170267464202
0.9825994504931082
0.999079171168955
0.9305967444121027
0.9980214727843528
0.9978658855039366
0.994549310784139
0.9999936651293926
0.999840823856076
0.9936508272055269
0.9921115209792385
0.999944662511736
0.9994473576699912
0.8406056730654773
0.9991182833455632
0.999795971068118
0.9986888398288546
0.8513512314666636
0.9997188173017488
0.9969624381308295
0.5207537822490016
0.9999735340123437
0.9956770533539518
0.9980263299073938
0.9999736844010805
0.9856464471834601
0.8966272366627951
0.9999144282720932
0.9998897794254147
0.9998202961786844
0.9999543901028077
0.873194358486519
0.8686625546329062
0.5346381428734236
0.9764344612660445
0.9988540076036831
0.999284863646466
0.9264834351184071
0.9994919981357141
0.9997546500841276
0.9757215675293898
0.999445807156221
0.9985731102743701
0.9999028739593859
0.9581554615590758
0.9581349909789796
0.9869770314446592
0.9905856370002725
0.9924359341512288
0.9942321230630163
0.9962836393989032
0.9978659798088528
0.9790502520005547
0.9984658964492198
0.9915516538046812
0.9909155996649328
0.9989796056877152
0.9989713988891171
0.995879673547713
0.9819072949689713
0.9861242793346566
0.9989692724688504
0.990371123499661
0.9995505953510788
0.9471510600251372
0.6030101203487338
0.9391662507311628
0.9998963359721322
0.9822483579941426
0.9905921672152982
0.9992609803830379
0.9980769141899635
0.9968421158833402
0.9891337265695098
0.9891612668474987
0.9894218952842506
0.982546353896553
0.999964502976122
0.9999822363459508
0.9999690119014487
0.9994653200661097
0.9999989033424587
0.6201094048602636
0.9992556479073424
0.9945203054378826
0.9999665460445307
0.9999917520476728
0.9291502906666834
0.9946062487756518
0.9998769871829775
0.9979932129677247
0.657665777639997
0.9873213043728017
0.9998694900603338
0.9999999104778772
0.9947361800878031
0.9968721566899839
0.9904818806748276
0.9999999907218354
0.9667496402047248
0.9999996429058079
0.9999713147467035
0.9999896973407868
0.9997726763187716
0.9999955722164781
0.9999999629942884
0.9999363069271704
0.9957130549110188
0.8533136179919479
0.9999869761028075
0.9899974529161728
0.9439663697996018
0.9934778239667447
0.9733298821361998
0.9855786331570511
0.9998017083556294
0.990691810689741
0.9857757087862256
0.93565064614035
0.9999793924521988
0.8346373977652097
0.9999999994992461
0.9902114665379845
0.9889053314848864
0.9902013201033592
0.99207897067166
0.9848710673724789
0.9524410190456134
0.635355861315945
0.9706318595665044
0.990823074644551
0.9890171047919456
0.9986772168870789
0.9925674161659765
0.9723354842689614
0.9985878089250517
0.9990968833501888
0.9999812467209689
0.9956303637827092
0.9806890424712837
0.8207929974643974
0.9970777183804604
0.995527017978322
0.9969602785534749
0.9672988907899371
0.991051079918093
0.9419807034061805
0.9996634502150993
0.9985764774821974
0.9116116881537822
0.911244539349262
0.9731519900720685
0.9972941510357762
0.9999983398768797
0.9977677818902311
0.9917334512709188
0.9935022867773278
0.9886616378339451
0.9132051087219427
0.9976171430822212
0.9790739615276102
0.9983318413187353
0.9593545661964457
0.9822769114821442
0.9996416919863181
0.9918958269599739
0.995380732000325
0.9995716061847238
0.9811377721106886
0.9405200923168912
0.9929318893068422
0.9762725425711017
0.9924159394831981
0.9948228549468332
0.9976034524576302
0.9926189987906179
0.9973602013954894
0.9726935355374835
0.9992278062965358
0.991429109107702
0.9751500651574552
0.9554087972082916
0.9993635923465671
0.9985113887377071
0.9977757063666585
0.9985158993951915
0.9982178025590428
0.9993582931970574
0.9964433534140898
0.9841911924590022
0.9981963905688039
0.9934948935625049
0.9994840248990168
0.9797979953906966
0.9926214993220169
0.983341641401091
0.9957693597777043
0.9871374209007692
0.9997367974264121
0.9539564178680537
0.9792285712393086
0.9980835242779779
0.9971968380219821
0.9842586181095111
0.9963327050939684
0.9692744161185923
0.9950057587515374
0.9946109762653521
0.9322289858408679
0.9592137526217717
0.9731646376569054
0.9136661658254813
0.9923188732821779
0.9919083449337811
0.9772495649683589
0.9987354939495408
0.836157624212989
0.9963788302245387
0.9685064906353353
0.980456717192929
0.96192570471704
0.9861366129576391
0.9999759935510926
0.6249549189287944
0.9999999990362265
0.9779760021745201
0.9981110182425184
0.9920040055656645
0.999254097270848
0.9619206523748957
0.9751054373732094
0.9951633295184336
0.9999228036572341
0.9988659293018733
0.9324619176704703
0.8482899683084049
0.9999861490145495
0.9959677343353494
0.9999607874851245
0.9996247089866546
0.9913712576803421
0.9966816303372539
0.9997147707828898
0.9999998547526894
0.9995346690110355
0.996614531886101
0.9665211753478318
0.9983232390980447
0.9909028864195504
0.880589393797768
0.9923098379512326
0.9901090397330936
0.9999854274032998
0.9991140157507353
0.9952274584613047
0.9920687004455093
0.9428389526777917
0.9979649750856703
0.9931228779271566
0.9979294850135543
0.9859789380195257
0.9859741575074055
0.9986379721252087
0.9915032031580147
0.9877721164956559
0.9507157484402147
0.9999701771990973
0.9999856078720268
0.9999889155459712
0.9960586195044384
0.9999593375888962
0.9978882869865696
0.9859844806494339
0.9999948460774534
0.9987869940270083
0.9972576727070295
0.9999990936334345
0.9859977234701746
0.9829663178793137
0.9953629389451273
0.9975418268817059
0.9997744127766858
0.9997692227026095
0.9983801732683031
0.9992755143428543
0.9760088657649242
0.9942160519662774
0.9898494278545287
0.9360051037771215
0.9945406698343727
0.846359714136202
0.982480122485182
0.8427007086156825
0.9958633891519412
0.9998224185047658
0.9973469720621813
0.9900231670297103
0.9822158772673342
0.9987968508012988
0.9951929334769519
0.9963904791972593
0.9999985137961044
0.9996075394694286
0.9942727459946922
0.9999699527333095
0.9953431271820393
0.999880340195734
0.9999851485954218
0.9746231278778514
0.9990990366274695
0.9185329541615663
0.9997636476582951
0.9412039322470924
0.9981897058218159
0.9997604297428953
0.9999951878954126
0.9997553577505023
0.9932384911748826
0.9964422875683158
0.9522770657497194
0.990184102119564
0.9999563228376019
0.9999999999057114
0.9999536648992425
0.9973303741323403
0.9999937894366693
0.9996969200308601
0.9999981754851452
0.920945002851558
0.9528305727816151
0.9807629231006351
0.9876082565220644
0.9954674777845701
0.865919013314192
0.997164290186843
0.9482513024463043
0.9737113479164177
0.999978819766344
0.9994636993449536
0.7792693626263087
0.9637064003838363
0.8273022742462911
0.9997238926291895
0.9999949201669992
0.9999962069037118
0.9999925059276447
0.9999797769624852
0.9755069511861777
0.999847548510231
0.9983910835710537
0.9855272598274272
0.9078027256789695
0.9916976414921567
0.9855805111279812
0.9296830428255862
0.9454113919357965
0.9953450799377989
0.9910013451096966
0.7900306811670161
0.9841784662844187
0.9968105960707745
0.9969694697325647
0.9999980009075418
0.9999847168531882
0.999716070047633
0.9999966674552222
0.9993543277659148
0.9953685835881657
0.9990602102995392
0.9996880683790349
0.9994529655895403
0.9964537429308836
0.9917894833519647
0.9996599525510756
0.9999527848210826
0.9891350880710996
0.9982485778525305
0.9999617374682965
0.9778215617787508
0.9936756364270122
0.999999999978654
0.9999948099753913
0.9994281460933787
0.9882626091442699
0.9999223437798348
0.9877334786161782
0.9999741306340072
0.9999997530176231
0.9999931572638127
0.9981481463417243
0.9999999835215077
0.999516365855616
0.9997406139879895
0.9995323954956291
0.9992005126388901
0.9987360047899753
0.9995365111149175
0.9486297265021991
0.9968530925640491
0.9951675538868141
0.9844278180205188
0.989044552611524
0.9800841858046765
0.9905524544771491
0.9979318702841464
0.98198008029456
0.9996955663464563
0.9983814770126527
0.9979183852103762
0.9828496736173764
0.9987403772483127
0.9906109079421799
0.9994774257429453
0.9991944034115376
0.9972127063500551
0.9275376292954748
0.9999335861353917
0.9999478307817785
0.9888593621335657
0.9999363890958225
0.9026863098521785
0.9986912775668236
0.9987681161398806
0.9885608688031281
0.9784494334472271
0.9987720309823613
0.9390194707367032
0.9993525114982575
0.9939224194917885
0.9998964371349629
0.9999095192947923
0.9871380178829205
0.99927767643706
0.9963904080829614
0.9582378875007568
0.9615379892624235
0.9733278761282838
0.9999811769914175
0.997112018871795
0.9693170375734613
0.9966867740920274
0.9921651600380795
0.9996490731816269
0.9999999672998003
0.9999576375272536
0.9999411608918302
0.9963701342054261
0.9989539193505944
0.9681516190980964
0.9995022341930841
0.9954086625657361
0.9995067917429645
0.9940409179948674
0.9999489639850767
0.9988548775926418
0.9983469457431419
0.9996668124385032
0.9996181139988778
0.9999990029719166
0.9982109221888132
0.9997250669954196
0.9881015189119503
0.9915309570344306
0.974466493503368
0.9999749398544197
0.9999985882422344
0.9934222928927352
0.9978311829418571
0.9999802412490502
0.9995682421065447
0.9961748204192532
0.9684294659277336
0.9999945115884354
0.9947322176130656
0.9957560241645731
0.999999282681535
0.9965510558742389
0.9999999414698656
0.8660331737908143
0.9999999986608266
0.9987428874782686
0.9997997882921655
0.9996076852400139
0.9829289995217872
0.996678336733507
0.9985793634082754
0.9999962187116679
0.98736004320776
0.8447510841584973
0.9878696768565707
0.9897996667802591
0.9970132117196168
0.9977133848729623
0.9999999973949869
0.9174540074290268
0.9845444406077475
0.9996633387979482
0.9972700934333131
0.9998855900374717
0.9994080428561893
0.9938070788844996
0.9999755327668977
0.9999983520537615
0.997202217937784
0.9899346139162218
0.9898454803965258
0.9905137932432999
0.9821353070740729
0.9614135624738765
0.993268582705019
0.999999988512131
0.9838199292103681
0.9999796203470935
0.999106078235386
0.9934197313539426
0.9941749260698756
0.936181853584894
0.9999620517123835
0.9976254652403542
0.9997879811093204
0.9997662906068954
0.9999602102042235
0.9964530537093823
0.9999894539402117
0.999940970419393
0.9999754104090018
0.9866073402742308
0.9747013861302519
0.9997236678968825
0.7539740751338879
0.995617416832761
0.9999692959826225
0.9925772484316564
0.9999998107081493
0.9863801276280425
0.999982390858364
0.9743378696574423
0.9950911164824102
0.9973934181539776
0.9382434472465145
0.9531269848931231
0.9344967974427915
0.9436174285654594
0.9997884176300486
0.9999074836967964
0.9998358113237953
0.9994785925136853
0.9999928924389159
0.9999489617091436
0.9795469177775233
0.9999777271528385
0.9922467682631162
0.9998016720216838
0.9866252899532033
0.9721060016704959
0.9999999184564818
0.9999684973222461
0.9995603980113091
0.9999993915495203
0.9999999429753818
0.9884162028895543
0.9878497992061895
0.9985523638094683
0.9889613430370922
0.9999999644215926
0.9941388985876476
0.999989603774446
0.9042216035983026
0.9999902433192219
0.998479359791541
0.9942199591540664
0.9998296619313047
0.9982405453053614
0.9999933328220758
0.9940053927389745
0.9591157560517517
0.9966551414273805
0.9873584119298027
0.9999820364855492
0.9916278769960715
0.9999995287689825
0.9999996006731335
0.9774515662073681
0.9998468075725081
0.9934241032430998
0.9999999762808284
0.9999993689470045
0.9988025643829608
0.9999815639331351
0.9999979292509086
0.999886420201067
0.996543573890216
0.9999903818218254
0.9999975130709768
0.9999986802455705
0.9993607865783358
0.9999362097694185
0.9799991473283814
0.9999909542027592
0.9883581644061864
0.9999800911330913
0.9971510340883543
0.9999836681110071
0.9961216979193768
0.9999998055333935
0.9999679565662262
0.99996480194244
0.9995457485209208
0.9999959620360883
0.9999980090298648
0.9952612013350783
0.9999831216655757
0.9280028133176982
0.9979340775553224
0.9993978203419662
0.9876465503096991
0.9972561084396795
0.9932927857683174
0.9968557948699002
0.9990235243182474
0.9999360699032075
0.9845673158040827
0.9999997104728785
0.9992733185408822
0.9990600930859278
0.9999990339977193
0.9999873335279247
0.9894548456524332
0.9999993592775651
0.9314345390922809
0.9914169437046091
0.9882822263109201
0.9985648146297895
0.9911552043844997
0.9953988176293834
0.9995454033556026
0.998547654139295
0.9974685623115358
0.9995144413633926
0.9634284312735204
0.9998680967653982
0.9998760791422869
0.9963471946597646
0.9067442311389663
0.9998774849889714
0.999996128118273
0.9989435090802223
0.9999679839887308
0.978012709150847
0.9999624985607501
0.9993514233726167
0.9798761939133892
0.9999936200731044
0.9998137918783883
0.9795321565799042
0.9997055932074502
0.6757798074474912
0.9905928884977058
0.9988767434173351
0.9960744609733418
0.9994815167015738
0.9996601630868481
0.6853211838867223
0.9983297387046688
0.97224992132194
0.9999464709443131
0.996973120587033
0.9998327554923586
0.9999990696067015
0.9959629918948453
0.9976404291826398
0.9678065309311976
0.9999483533202393
0.9937506776976343
0.9995622055030199
0.9939458718707584
0.9967682679371702
0.9883219003766274
0.9995961988927762
0.9999893454677238
0.9533153636087454
0.9595096269731433
0.9012735902673834
0.9976650802642034
0.9991576004292217
0.9989362933181354
0.9812637684013106
0.9435193932394865
0.9999999784253462
0.9999998615782385
0.9921107567562591
0.9429939999696219
0.9999352425659014
0.9999974385824454
0.9999629484221202
0.9953500111599904
0.9839474123687756
0.9986385754981645
0.8397049531306239
0.9670473778879035
0.9999099877038559
0.9996584379160346
0.9883606111480548
0.990705040372732
0.9490803787024537
0.9986835133341353
0.9827573807763329
0.9779298539603668
0.9698984917499687
0.9978146689217753
0.9999861833338533
0.9607240288156954
0.9970728061057179
0.8975418954645275
0.948075089571068
0.9850144970582946
0.9278303886274409
0.9977356933413587
0.9453597969054717
0.7883700645200818
0.99768379937111
0.99377602192781
0.9988725624922362
0.9697489690145754
0.9024919769523791
0.996979935355525
0.9931413647137945
0.9328655620714585
0.9560317398639904
0.9923842051500755
0.9786505121727631
0.9853586184865692
0.9974387854665642
0.9272309336416167
0.9430493452673573
0.9985543650411778
0.9944935231482033
0.9455754753439022
0.9972535126421062
0.9996145184698242
0.9849238973860025
0.9999910229857094
0.9982811147230021
0.999999526342393
0.7952188961273456
0.9998966538172052
0.9999960585885174
0.998576548285141
0.9997115910754143
0.9211177305137805
0.9839044016023972
0.9583221011727227
0.9627420519417551
0.9782455526575946
0.8408239096310456
0.9795321179303594
0.9833391827749474
0.9952877721205642
0.9872505321457961
0.998109357684036
0.9997290073988783
0.9917358920422501
0.9982879306277341
0.9930177139009391
0.9578082626525791
0.9808471036966884
0.9915338210534422
0.9360517076841548
0.9663583777184268
0.9824144893175982
0.9942608103955975
0.993398311794319
0.9994841752227185
0.9874939860109214
0.9964859902598878
0.9999986295480018
0.9995992888326444
0.9990299137855922
0.9315444293924293
0.996002085263403
0.9962110791211528
0.9680312437714493
0.9969300372898896
0.9999988811036322
0.9888713350568462
0.8768409803021929
0.9487903288788772
0.9431372319867496
0.9996353187165425
0.977599723751991
0.99975904646376
0.9782068613894583
0.9993084120664173
0.9762497472138338
0.992943110073534
0.9950648274874198
0.9613599128017448
0.9973091970625596
0.9088440092777628
0.9505687938206042
0.9822073852093414
0.9944037095106266
0.9508604382338042
0.7956537612841791
0.9729680285733141
0.8013621988565821
0.9969745731559895
0.9914535300322289
0.9909461581339791
0.9396991320307796
0.9977186283453386
0.9969632001893374
0.9971012541328255
0.9784139670702299
0.5391258041078973
0.9891067138112727
0.9998167656192999
0.9829711918786395
0.999790533695866
0.9973827882376103
0.9872782537887718
0.9689935433131694
0.9653257556329642
0.9897619285509347
0.9607748932476738
0.9372531212058296
0.999677617085577
0.9999972690148897
0.999979636999541
0.9960329165941235
0.9990460266344041
0.9986794030952686
0.9945176548163841
0.9998188500545554
0.99741212314443
0.8283779435034931
0.9898468486969495
0.9922590034992415
0.9999046534954603
0.9977318086920979
0.9986419432222254
0.9794754761402242
0.9813305948005081
0.9705673820546802
0.9738321974084977
0.9803138856838919
0.9443756804452494
0.9912033376465427
0.9608795764183272
0.9978386376394398
0.999802420515911
0.996138890057633
0.9999999208533528
0.9999749580048798
0.9994021982236665
0.9917092745684016
0.9983607742836373
0.994547512794824
0.9849968848681745
0.9991972483529559
0.9758453341596175
0.9913321794590859
0.9818850209937242
0.992093114426883
0.9835091250140383
0.9990833896252608
0.9999735467587507
0.8261491809139921
0.9989104221214329
0.9956084135119762
0.9898431320611705
0.7853292999514772
0.5032239008546197
0.9999978464002054
0.9198167340425442
0.9285022517798491
0.9873399110772955
0.94831189655654
0.9898820592436202
0.9894707067107803
0.8960203419182794
0.986672267034959
0.9444865366953109
0.9859109264965773
0.997597273048248
0.9981923118758727
0.9913452634306222
0.9946246234415775
0.9358195057221808
0.9966457301967868
0.9810285094956401
0.9962931715143777
0.9999860349758898
0.9983401788040973
0.9970383154610281
0.9909870782534028
0.9996928484410662
0.9989776870951751
0.8776801352508997
0.9893527498428029
0.9925710058829783
0.9813713666536529
0.9999994885008615
0.9998803913973361
0.9999444628843096
0.9929129697418126
0.9987123740741736
0.9991962028151117
0.9998144888854815
0.9850726163496226
0.9207579190148627
0.9922444538222749
0.9990800252297484
0.9858259668992773
0.9406169714925948
0.9703265435582556
0.990710191804354
0.9999535451055792
0.9810498744543381
0.9873791250760678
0.9983492810134595
0.9938101957159312
0.9864094822721048
0.9828603673637807
0.9999775944063117
0.9998778891122605
0.9914873049741184
0.9833467658141136
0.9999948450885935
0.9999987678969382
0.8281076295077935
0.9397159368641312
0.9993966636347034
0.982047149537546
0.9968579178282777
0.9915416690141098
0.9997501350458158
0.9998348416741711
0.9952787986269919
0.9102075389790315
0.997313612464598
0.9961624889029477
0.9776952570563319
0.9955212248268195
0.9697176950535221
0.9669861999828644
0.971280738817639
0.988940100127501
0.9972849768827783
0.9990324964578504
0.9749589653438019
0.9746668688052983
0.9184737378513267
0.9692940966781155
0.9752509905086256
0.9598737218681909
0.9594092887042714
0.9999873361616578
0.9933581730256016
0.9952972132669916
0.9933832365369085
0.974030000799753
0.9842787555061451
0.9130993874143668
0.9813242520137027
0.9993641162955503
0.9931347636631831
0.9998460637942241
0.9909169310663035
0.9988653529425544
0.9933508726241386
0.9814346903979795
0.9744570823330645
0.9996920780519626
0.9562026346419803
0.9558035233018093
0.9991733929734555
0.8499620271081958
0.9534633914623599
0.9999870123560441
0.6915920990282981
0.999996795403841
0.999606642666358
0.9999488690723793
0.9983224925446424
0.9970190736649085
0.9987410130813009
0.9955224666621122
0.9897173837506037
0.9999995158858258
0.9998422393821108
0.7243578119084998
0.9544973519238167
0.9902339619016158
0.9969479972249238
0.9916871322436095
0.999751915514607
0.9997274311019125
0.9993780075892849
0.9906165370888976
0.9977303344526925
0.9956098510139865
0.9987527764812472
0.9990777333674079
0.9998083290408957
0.9917524774618744
0.9857105524443168
0.9997248645956257
0.9945246483323634
0.9910699074924145
0.9999834956640387
0.9859965602053744
0.6163110401898032
0.9958764512782595
0.9905158470465969
0.939124156872173
0.9967775000903607
0.9934828151658331
0.9852486970301382
0.8643208470991135
0.9994379366407009
0.9926009648448731
0.9284721173580175
0.9864807345237431
0.9971968102224311
0.9785493863731884
0.9692929235393164
0.9810375582408511
0.9787866638081657
0.9768566809368016
0.9925750142894273
0.788157094416147
0.9925760843226282
0.9999632057333041
0.9971538291530575
0.9365411078101633
0.9859723948688154
0.9992682392319531
0.9964293288040117
0.9995200149502051
0.9969917484734797
0.9999927604790674
0.9998137249952274
0.9849634008998688
0.999994259255403
0.9999036585214752
0.9875160545453275
0.9971206944261125
0.9978120547638143
0.9625141831013041
0.997742782126657
0.9730605615921577
0.9991547850544333
0.9935679099158221
0.9997993287466793
0.9999969549482919
0.8900985027510738
0.9999977659863782
0.9999954306718251
0.9812689772903671
0.9981181876351568
0.9655323180660585
0.9987131066066334
0.9423081640982767
0.9977716697716478
0.9814798469963547
0.9994498574048635
0.9814907698061158
0.9836185164601073
0.9977806510430217
0.9481652444579984
0.9948090491938043
0.9894242610690234
0.9956368753346658
0.9659875574484227
0.9831348599006584
0.9983867376772687
0.9287634957837329
0.9781024742070229
0.9997621713802036
0.9955777425425465
0.9614392508018839
0.9874652834672042
0.9828076855319197
0.9802731172087383
0.9751826170046946
0.9540908206853073
0.9973438518998132
0.9884908655851999
0.9409013063491014
0.9933103886551898
0.9903532179268278
0.9982097950523998
0.975862204519589
0.9986884247300196
0.9931333596255124
0.9806010805214362
0.9848703973964097
0.9974005600593705
0.9917058791577692
0.9833103081415063
0.994392386126601
0.9971986446336499
0.9996663573872447
0.9975639771394557
0.9896166450575034
0.9859190045021856
0.9670232072967675
0.9978979892680339
0.9974066315580327
0.9481095070015897
0.9808522526435994
0.9986741036109822
0.9815650824926417
0.9988712548197956
0.9992882436269432
0.9882653181660328
0.984274120691883
0.8082634345492387
0.9993032782174689
0.994829542264499
0.984925322749553
0.9947462245383335
0.9354171103561213
0.9944349798649226
0.995762302759461
0.9929057467839255
0.9868209844302757
0.928227413476228
0.9933789271628518
0.9499806112030051
0.88695925374586
0.9621257304968311
0.9704426484045149
0.9556700609319266
0.9068752954430395
0.9951072683119517
0.9999727041412325
0.9821194734682412
0.9965190016539496
0.9988372290199043
0.9383597864219216
0.984443135105534
0.9680390835263949
0.9810460001357831
0.9745944741836806
0.9956721241466632
0.9940537103906725
0.99942874959982
0.9999209567374309
0.994973161158592
0.8955971138530701
0.922202673935323
0.9985993948591563
0.9975236114643239
0.9951596917099245
0.9791364736380713
0.9999996401441229
0.9930555851680035
0.9999041755864011
0.9973702617086642
0.9999576127750931
0.9991731920572293
0.9345089902044816
0.9986593178259817
0.9448952114586139
0.9922928051114682
0.9998576319772791
0.9916836355509219
0.9996235494392576
0.9999998673081286
0.991852580339624
0.9999549294022996
0.9918289623258989
0.9999540328933155
0.9993976512569923
0.9927778937702944
0.8826876009182385
0.9998448625521815
0.9987312529239405
0.9986828251384771
0.9998785214077801
0.9707004831129719
0.8547777036486988
0.9981670223512131
0.9175261867454755
0.9986745466771002
0.9814815588079377
0.9945898577052891
0.9967660226588091
0.9589521028329302
0.812161661782525
0.9999661870810955
0.9984111798109344
0.9825800287609648
0.9946006736406054
0.9989080044787679
0.5759579596560082
0.991700932733367
0.8306142559925994
0.9996886020045406
0.998825572509704
0.9997022969857151
0.9931805616070478
0.9999984659336091
0.999999913010001
0.9981301382440981
0.9792276022979992
0.9996489162792845
0.9745677502833644
0.991209309033067
0.9964104711491837
0.9827430046990164
0.9939199816576897
0.9999567114760048
0.9949070153727425
0.9981859719799632
0.9771374867897024
0.9998238198216408
0.9978392046160001
0.9845900437507841
0.986922612314093
0.9999985688119456
0.983375446501117
0.9646205752969726
0.999917728956704
0.9999325045386155
0.9982264260926866
0.9960451692310671
0.9976661382538841
0.9467843788586512
0.9997842810959976
0.9994990007701836
0.9986882536518062
0.8750577114286444
0.9955428529640493
0.9996187641714339
0.9999554644827339
0.9999882420976345
0.9999631771726031
0.9997977533922632
0.9931118028909831
0.9781537731062807
0.9995939521932735
0.9962424249618654
0.9904117949063843
0.9821217258425144
0.9999874132681993
0.9985069683328217
0.9999991879380392
0.9954403751199553
0.999870596715042
0.9983311422942488
0.9774518063466714
0.9886350060074801
0.9994455631002112
0.9997531591383223
0.9984919854772372
0.9999905248162595
0.9924857754107266
0.9924296097522796
0.9934622619834407
0.9998943645069321
0.9860075230813898
0.9996549119575581
0.9995396493298121
0.999995942538946
0.9844057887323653
0.9875945894243043
0.9861561596362795
0.9981661271197142
0.9991939132993551
0.9999991410748305
0.9994268788615457
0.9984000504645628
0.9999533698019881
0.9997812426015933
0.9986423294368904
0.9993894367449134
0.9905153736248493
0.9999686130351589
0.9991256494021363
0.9414288468016229
0.9800454799452228
0.992795391267707
0.9877836486756375
0.9999775832292259
0.9998933896345533
0.9998435355065804
0.9997723733472046
0.9952618138715963
0.9999799060904709
0.9887980698930764
0.9996496736302466
0.9999877939829899
0.9793618080113294
0.9981656284689251
0.9996837777045884
0.9999772355842015
0.9982794440754729
0.9997069061872806
0.999995503529182
0.988788022323262
0.9721393325528708
0.9999999465240885
0.9931629986663328
0.9852303038467682
0.9998765783069826
0.9930802614175813
0.9996815908734519
0.9999384278393136
0.9998885928029204
0.9955812757611886
0.9938876718002744
0.99999997980146
0.9999896388995372
0.9969137589410232
0.9814815282905237
0.9951206213070567
0.9994346188940637
0.9918116991132445
0.9999513408531043
0.8815604881027407
0.9996828482164902
0.970040093177971
0.9949400116518923
0.9704064547925723
0.9998046829786306
0.9998683175150201
0.9996202691177472
0.9953534243474449
0.9805296820842158
0.9982603587057958
0.9598784187839471
0.9992373109777678
0.9978860716847983
0.9994548142012022
0.9807261963624987
0.971030950502426
0.9691062574345736
0.9966328046480639
0.9903174752959129
0.9468239988907422
0.9919879760283103
0.9998591808189262
0.9999899401227852
0.9999936295065796
0.9999896633702685
0.9999405522060639
0.9999036363407983
0.9998259081243842
0.9830086946297923
0.9133460652676783
0.9999167524429405
0.9869116372465081
0.9967903035928957
0.9982802345297375
0.9999626422448433
0.9869172264016393
0.9999895183028381
0.9782193569594723
0.9992103390232592
0.9966814240594027
0.9997181457136581
0.9959631745291536
0.9890123038390419
0.9894087923261735
0.9848687649860377
0.9992400009334302
0.9999024108957885
0.9999114542862505
0.9922860281119199
0.9958890321919646
0.9954757119782944
0.9641306960062278
0.9946025810652793
0.9999916584186643
0.9926951256125387
0.9986180157533906
0.9999885253923791
0.9837570453167478
0.9999999985467425
0.9998996449698607
0.9971948840453485
0.9974164337599326
0.9202864418341361
0.9820269168434249
0.8841325692396222
0.9688535412265454
0.999715267306345
0.9567470586774061
0.9563400715468522
0.9934220926118419
0.9999319146211437
0.9999954798762651
0.9842722171736223
0.9999361144287983
0.9999985196659822
0.9989260556798273
0.9995058197597875
0.9958604642031662
0.9987366890973104
0.9769874182819622
0.999990384924539
0.9999948149148182
0.9999211276776367
0.9450210236993168
0.9991068784859598
0.9973418299269063
0.9997776800163126
0.9060462270829704
0.9918500261774379
0.9695355689494028
0.986505325532769
0.9999986656537728
0.9999998938527589
0.9770440193578382
0.9520389705524972
0.9945189078486049
0.9897527126384836
0.9988307822724933
0.9834286174095487
0.9931746559337845
0.9991960527834435
0.99999362354476
0.9748079987984398
0.9995090296003835
0.9988597969302841
0.9998259935634517
0.9933651373379797
0.9817793574603766
0.9998189392291841
0.9959605906403932
0.9970868289687085
0.9785936752922229
0.9999998329211318
0.9983504869381308
0.9999896254310328
0.9997118925139228
0.9964987841575395
0.9836305329420727
0.9974652265410465
0.9282126115230246
0.9998107570145197
0.9999871499007494
0.9998010653760072
0.9689868373720457
0.9910716426204867
0.9999841436764111
0.9998947011370853
0.962707588459249
0.9956799286007709
0.9999973988708311
0.9998657064405332
0.9993547370102432
0.9935392356869631
0.979538690507869
0.9979294726888724
0.9957778881435565
0.9999599998015747
0.9967635555490321
0.9999735711154325
0.9695823769203772
0.9999976486163168
0.9773650134288894
0.9841551226933624
0.9968751533563759
0.9999996995081096
0.9897858837615027
0.9514684379153765
0.9999998307086904
0.97611649072358
0.9976300462819734
0.9412495509007678
0.9875152269081228
0.9867398693194154
0.9989899385540415
0.9998509271683894
0.9846775455387882
0.9996845752702803
0.9965396667627012
0.9999979505041099
0.999750709037661
0.9999567757911547
0.9929378994461826
0.9988994422176739
0.9999584739685711
0.9998392651348693
0.9999973586440308
0.9943524280426796
0.9998020019850115
0.9173353699569194
0.9997654636491178
0.9959393739713215
0.9994974970372705
0.9936796103025745
0.9991920764397895
0.9994047592963907
0.999832148449016
0.999727597181382
0.9999937140378553
0.9998876592542971
0.9999694478227009
0.9998043919544242
0.9990801727597728
0.9998006235598441
0.9973204455759055
0.9999418432466108
0.9999768354024354
0.9767888069759176
0.9993447317576343
0.9982466290271604
0.999773665389594
0.9999736795599907
0.9980816350460989
0.9951456981842256
0.9937383271893652
0.9948326765341136
0.9503023760250059
0.9999747318346563
0.9996481647870926
0.9961187461705132
0.9999983630247876
0.9979595118848242
0.9949481255095173
0.9999786958134322
0.998362764281314
0.9922793469216631
0.8727771686795343
0.9999966121087341
0.9999771285397457
0.9998504009302311
0.9999980975622598
0.983338311133107
0.9998145895832253
0.9976069424922425
0.9675520077038176
0.9972407763828554
0.9922604536180776
0.999946585596836
0.9941060054661598
0.9999996491670383
0.9999149468657428
0.9348834388673035
0.9954640686449879
0.9625726724477489
0.9869848565817673
0.9999979980488839
0.99965744607311
0.9968491823147394
0.988864098901064
0.9995336394224994
0.9900678824057839
0.9999938218158183
0.9611093651853116
0.990334370376763
0.9972049400911214
0.9954942334796538
0.994062899053292
0.9982244730795328
0.9988914217515152
0.9975489815154202
0.979777240020529
0.8651515836813883
0.9936261204429389
0.9672434232062455
0.9743815122755999
0.9527550729900083
0.999954702046368
0.999987316195227
0.9827148567514443
0.9919491453492922
0.9868719431183924
0.997491978613617
0.9999733804782314
0.9999456137679603
0.9999757857348727
0.9519514562052989
0.989739033160582
0.9970151396613922
0.9965074729490148
0.7329260106392783
0.9747061729386954
0.9724909545982604
0.9871831929234353
0.9649904710214057
0.9999907553495042
0.9668464136731407
0.9984615676864337
0.9945214368439301
0.9921395322049925
0.999936907839843
0.9999347775023085
0.9999999771674005
0.9972216260467975
0.9976766954884283
0.9364782421002072
0.9995573989455562
0.974122475638854
0.9730232857342253
0.9990360833519755
0.9500557298890434
0.9975300391124923
0.977024825824373
0.9979511931418283
0.9999642692845754
0.9928066353339591
0.9986863874659586
0.9935301538721685
0.9880842822042079
0.9906849111788535
0.9720606430201681
0.9999240035183092
0.9895492055271062
0.9903493254197587
0.9988648547112352
0.9978019636863752
0.9940249753986784
0.9925839552321486
0.9934370237020745
0.9992008811854438
0.9930859118908938
0.9705961085766612
0.9237439737939154
0.9999003075864307
0.9473453617082815
0.9994809531584222
0.9892941617898412
0.9414495713186506
0.993667605079131
0.9944865166356925
0.9996409762302428
0.9720603066059786
0.9893211385721089
0.99125846474779
0.9587487495778686
0.9921274550398426
0.9981647832003635
0.9931429235424302
0.9960506968590583
0.9979886444802464
0.9986614756965851
0.9999817315860433
0.9912020699946005
0.9881332475670069
0.9979820366690482
0.9997649523474401
0.9790378600995735
0.9904678230137556
0.9928536055539124
0.9893788980581936
0.9968044287785912
0.9999983159790415
0.9996033107663297
0.9656622177250841
0.9977924195534618
0.9971610516606186
0.9607263455405648
0.990871315664282
0.9985941662921201
0.9977255276338219
0.9929555149596306
0.9884201577685529
0.9981870860433305
0.9923399344815865
0.9965170345878794
0.8629750347688993
0.9983656850669892
0.9065137286402023
0.9995080678592974
0.8776264284188322
0.996639768783879
0.9999963681814947
0.9999991774306942
0.9954054931355563
0.8733554850955035
0.9983813104447845
0.8992062046359663
0.8226787567388829
0.9873768507254186
0.9841591950583339
0.9980777529649519
0.9911372815218195
0.9956251382121467
0.9920907647735121
0.996604816927669
0.9800401083402234
0.9164908137205848
0.8875046503397033
0.9726833761684042
0.9895903510315062
0.9953207133500801
0.9965870706088706
0.9997489802903659
0.9996135528740879
0.9780785895342481
0.9550631420909586
0.9992618846514799
0.9894203830630312
0.992220361666592
0.9652382802892053
0.9942974472680718
0.996291092867547
0.9993924507009172
0.9933428393027955
0.9580405392615946
0.9890555980352546
0.992581489870362
0.9995022975797272
0.9859867159358524
0.9888311756564689
0.998839768754595
0.9931036334639276
0.9999000769671105
0.983044038651899
0.9913463219256916
0.997082244108533
0.9949250897164021
0.9156946982827868
0.9970044090463179
0.9999292193596062
0.9115950917648307
0.9999201342409977
0.882806908956463
0.9881989225585689
0.9906248787337814
0.9849031752201446
0.7653557270775722
0.9999959825010286
0.9133967404730766
0.9392871624617748
0.9995497981910642
0.9970207087453502
0.8777442588559048
0.9999486022046873
0.9939826678065237
0.9877364171908785
0.9575190501334534
0.9976630792046564
0.9384034146630965
0.9984053945410665
0.9983017820445804
0.9976047739542057
0.9720076579951232
0.9998591393183709
0.942357794099105
0.9005766031209564
0.9925187195136631
0.9996069228089912
0.9899180887748212
0.7984936706140889
0.9119885726351294
0.5782264069403013
0.9960921022598416
0.8124876354209883
0.9630623039087932
0.9934899858167932
0.9923203377451152
0.9999987788949906
0.9987090235350344
0.9675988407252512
0.9877245671480661
0.9897842159131797
0.9933877807518168
0.9934321288921312
0.993002861819576
0.9999940091599397
0.9999874823431877
0.9071084612931594
0.9938423750376801
0.9987333824452663
0.9998098061206474
0.9999434542415037
0.9999470932198427
0.9960655398787737
0.998411997091795
0.9977036259639879
0.9999847613458946
0.9780191759289194
0.9908148768069359
0.9953294578201329
0.9999859376431055
0.999880763568544
0.9999072629630968
0.9999506695613538
0.9960866472925763
0.9999735123662644
0.9983554690822278
0.9999470679036686
0.9854097045726392
0.9819837132341568
0.9997544130596132
0.9999815844751725
0.9999924473190801
0.9487346976787188
0.9931965639870471
0.989400652060323
0.9926807278144375
0.9804059122147836
0.9800278036373953
0.9853714370549054
0.9943097444732508
0.9997314247845284
0.9966922479254586
0.9999395766598151
0.999928967291252
0.9999059033078128
0.9999997370513717
0.9613302532238908
0.9925354248404427
0.9858103349876977
0.9982641313235713
0.9966680554910763
0.9999934972401319
0.6296619287694897
0.9942720464758702
0.9970110779024558
0.9960232479115857
0.9867741749727554
0.9952238653790998
0.9990899540648522
0.8415219125524497
0.9996800148923142
0.9982630449580417
0.9982377047464919
0.9914767811831459
0.8026390847113517
0.995721225125374
0.7275076352067802
0.9963995688375424
0.9999859973268017
0.9836924649188257
0.9476204215333403
0.9998493217959126
0.9878018981912153
0.9397090902408124
0.9994616103825207
0.9962978564663888
0.9942026106456642
0.8078541953972739
0.9998720523189727
0.9999522296535021
0.9933460077477717
0.998154191518041
0.9981862996680292
0.9946758811059837
0.9721089004163895
0.9998853194154759
0.9999826097604789
0.9839210246699199
0.9838169171195045
0.9999297662252685
0.6254535221093384
0.9552725492091677
0.9999696432552343
0.9999425444278257
0.9876684410989589
0.9998780831261881
0.997905189937008
0.9908190613494627
0.9945313094065338
0.939273217990825
0.996572229587044
0.9999176901873236
0.998539772046075
0.999196086423377
0.9840739513431201
0.9986920133005496
0.9924936805712434
0.9832180276118789
0.929809677801177
0.8223396903329868
0.9956176193570977
0.8343299574922297
0.9554724291512416
0.9963987405216295
0.9870607464206547
0.9949191868758608
0.9749123256288356
0.998107207395486
0.9995973012804232
0.9618321018208472
0.9999326729749081
0.6295350393051622
0.988307410726793
0.9934929264375579
0.8634237298050949
0.9986367765873743
0.9736284131081115
0.9806032351282609
0.9999319591718032
0.9908489835717829
0.9987764882843921
0.8427209342986542
0.995995092628272
0.9943337485276642
0.9942443441389613
0.9998284023870327
0.9985455633921438
0.9990725010961974
0.9999029027554647
0.9790415377132865
0.9575285265534983
0.9981821946414091
0.9388545228607967
0.9742389397246302
0.9344032470800542
0.9860671718680813
0.9906843953542434
0.9998664470707515
0.9973788477535874
0.998841346506803
0.964265274821174
0.995823692302639
0.9931854305682655
0.8064686196526206
0.9030248362033918
0.9915330758535116
0.9945199205779531
0.9991831645174342
0.9771777289626408
0.9986636466055332
0.9432737619050237
0.9984744973043513
0.9912591998285885
0.999190083281358
0.9617523829273277
0.6370289921775771
0.9420108197170122
0.9545697453180847
0.9819073759746106
0.9842553813751612
0.9823016190670047
0.9748015358024856
0.9999632225394148
0.9934023813966869
0.9963955082694141
0.9639548632191766
0.9777287185403085
0.9977285895154503
0.9936352539605552
0.9917578540269117
0.9985328124312614
0.923092848114348
0.9965122027609004
0.9999781375790753
0.9999795286403247
0.9828173948879069
0.9974687513611288
0.9917306904177179
0.9803456962665705
0.9931681176545281
0.9796493925698433
0.9975878219099004
0.9975813144354929
0.9790784758146149
0.9929407016058889
0.9949134314848886
0.9782947938806477
0.9919642609754712
0.9967644139085715
0.9999391823980616
0.9965031414259383
0.978090981236184
0.9992032822597937
0.9732139284288047
0.999986756952838
0.9997039436495485
0.9999891875702637
0.9999997585148585
0.9512066031792901
0.9999931881020467
0.8819850777315116
0.8200691282157947
0.9999978232173554
0.9991953879882487
0.9993743485942576
0.999957124300236
0.9987994334271832
0.9923505143042328
0.7909067641120786
0.999053841125491
0.9878849168936594
0.9999386473732949
0.9997566335917858
0.9998472954717215
0.9896458725626585
0.999976336359687
0.9999552721389994
0.9999166213924107
0.9988010234801721
0.999887246002242
0.9983490876905587
0.9994536501223091
0.9928218075744082
0.9716172533017311
0.9319715500341512
0.9979663484867548
0.9773615596705415
0.9907391600719057
0.991764831560178
0.9343412559106599
0.9990934810378024
0.9722056782490285
0.9975933056803129
0.9920897632806531
0.9787996203514567
0.9631559022165616
0.9488549948401755
0.9721115102248843
0.9501464869200176
0.977398846468042
0.9739763043481547
0.9929115442339712
0.9898557892356327
0.9999618866562053
0.9999697004461542
0.9936327003162136
0.9936271791626927
0.9995873319881289
0.9700480239111389
0.9989029010971154
0.9912337653002337
0.9844525210715472
0.9964136869101501
0.9929390846644262
0.9672961098453167
0.9952096984470108
0.959311550641661
0.999546026129672
0.9421378088628409
0.9924988244000685
0.9961884354522702
0.9974356812056207
0.9941275885338443
0.9657739555284878
0.9986589333242274
0.9946898374722544
0.9817980862280972
0.9835348584099124
0.9974651218434614
0.9878096965939179
0.9929615414104144
0.9978932606606836
0.9994422227215568
0.9995057741314806
0.9982930519562193
0.8748322173893902
0.9953178075018225
0.9962917701517562
0.993283750383036
0.9755466782781088
0.9996970377117028
0.9331141359238158
0.9469202892789123
0.9835198593328048
0.9875956143854285
0.9862548335432931
0.9990677483953909
0.9965205328234071
0.9957985454347391
0.9414064471593813
0.9917607385646962
0.9979807322403671
0.8767872514027558
0.9787558129142163
0.9869319214516621
0.9987531734638466
0.9692877926739815
0.9273975188240132
0.9764580965673378
0.9563526701112118
0.993326574593684
0.9972288139819521
0.9462087583240385
0.8835892007046252
0.8787973713251869
0.9802722501846917
0.9999960420632751
0.974076304032766
0.9981746110358954
0.9777628590092525
0.9999545665582104
0.8980560133163565
0.998757844742071
0.9922998833849109
0.5702830463869557
0.9997206987389784
0.6028086497230465
0.9997286525749776
0.9985487079088117
0.9999599885865075
0.9983188484718979
0.9996109939070603
0.9442658716115495
0.9767713422015667
0.997565794484153
0.9967269135917531
0.9924051033565232
0.9985058686435144
0.9738959611982777
0.9990690058690285
0.9974567510904658
0.9999745390766078
0.9884526583011409
0.9999237850644143
0.9610722394216387
0.9999996794514592
0.9999975314942291
0.99741751439937
0.9974345713399061
0.9953663901604188
0.9999997396507762
0.9890707788159914
0.9142898931769122
0.9944581328827728
0.9972263656471704
0.994396256255959
0.9999912587777883
0.9889053426178875
0.9984514157627526
0.9998830774541912
0.9999988936369669
0.9932841049797713
0.9862037557559562
0.8427620082254184
0.9628952968693452
0.9996591051320373
0.9861607629093937
0.9999678133839981
0.998217198883571
0.543136081684758
0.996535445253926
0.9998337925424821
0.9971044101876466
0.9608436707356277
0.9744407659112
0.8646575427516077
0.9999498714899892
0.9999585169680109
0.9988707329992458
0.9952347743978549
0.9270043343597819
0.998685193099696
0.992983616498414
0.9984738384666225
0.9940691911315388
0.9856122337067175
0.9783469611490105
0.9969038931326661
0.9999999987043708
0.99301866383831
0.9999582877139342
0.9944195584952545
0.9983532891184478
0.9999364240422536
0.9997079422964376
0.9711990320507293
0.9997173196630467
0.9979949979818501
0.9998193775270843
0.9991447348245226
0.9999999757363057
0.9997054054710934
0.9998546421848916
0.9983569319049564
0.9999978272757809
0.9999998484273113
0.9999863103050202
0.9984911444721736
0.9918607900994209
0.9710037519668137
0.999998640516596
0.9997822776782346
0.9999668067281885
0.9984921268040253
0.9919362300625628
0.9933337078059634
0.9967645219843125
0.9951443027633285
0.9983662460179719
0.999765008967061
0.9999410463765355
0.9993528519986714
0.9993294378024857
0.9764763730452133
0.990441943986117
0.999878993090197
0.9328142424113112
0.9917607785611515
0.989310663916241
0.998975481344743
0.9999203539530946
0.9998763802753398
0.999933861093187
0.999860026402715
0.9992926654856841
0.9958855799987802
0.9999939316937783
0.9996764163611942
0.9991818829333449
0.9999319208801705
0.9950558021524236
0.9283494789350966
0.9000000715830323
0.9370888297866707
0.9905561630589071
0.9993121961097265
0.9998527652767283
0.9999854337764577
0.9924260019290393
0.9789298476559428
0.9999097368213629
0.9935436342077366
0.9672601362103026
0.9947811596700679
0.9967722119182295
0.9990420766326963
0.9999767492746835
0.9641699079516969
0.9968752401317976
0.9999974580470048
0.9961132649186657
0.999998897520378
0.9926463275135219
0.9999912091140093
0.9715009757417894
0.9996838911279443
0.9972697950999116
0.9999999673116422
0.9999991675902261
0.9990275891249627
0.9913734047528899
0.9918309519971815
0.9999970690614826
0.9951351139774237
0.9999968266590216
0.996235717521314
0.9823088833213617
0.9999667867906102
0.999723127968234
0.9999563691959535
0.9974583700348422
0.9952832534513798
0.9650738910004375
0.9999981108482638
0.9999967392643108
0.9091920752295729
0.9784770446563177
0.9998216068265919
0.9998654181175264
0.9690806206308459
0.9587342909579426
0.999895453829994
0.9996056865464092
0.9585564460879831
0.9883270817875344
0.9682733610693922
0.9999382102293338
0.9982137674131005
0.9996738812767153
0.9753556419827721
0.9992849542101738
0.999854315084605
0.9933927849392683
0.9999987296801424
0.9999624538960777
0.9999962794133977
0.9976084435769006
0.9956155388265565
0.9999740483601706
0.9999232856974566
0.9995846527816363
0.9862735711715245
0.961216644309364
0.9996163783120977
0.9814220328393884
0.8851759177532913
0.9854513119691158
0.9435337445969305
0.9942271920708362
0.8258653849776386
0.9999996179944355
0.9993632135745252
0.9997939065328874
0.906785926958027
0.9911254149832083
0.9836847558089225
0.9998925150958621
0.9980339800401336
0.9995386002450345
0.9982919328991117
0.9999316172907742
0.9992237096040447
0.9903486958340791
0.9962055257218724
0.9756960809571985
0.9184884712238195
0.9958990624279808
0.9999724202961864
0.9979115005662713
0.9999818336042142
0.9919935572494811
0.9999949814520025
0.983550767665282
0.9994140777203866
0.9999125618212851
0.9997988109092018
0.9998734811983875
0.9922070481735024
0.9999639072350198
0.9963815200442615
0.9988433092050605
0.9999936088898477
0.9999206480873853
0.9979884499563274
0.9999848495040851
0.9999172796164842
0.8776016766743421
0.983271953558009
0.9999786477012882
0.9994640447175585
0.9999835457577253
0.9994926296852218
0.9939070032738923
0.9999932113367134
0.9983705266315164
0.9999223024760585
0.9997635067511296
0.9999455889221239
0.980641315424961
0.974961066232121
0.9999684694801109
0.9996859663202639
0.9999939217231794
0.9999996366702014
0.9976906677097409
0.9999914989519092
0.8527150260736251
0.9999774631752061
0.9999498529845938
0.9999817151931302
0.9968333697813702
0.9994827046074295
0.9875668908516483
0.9998564192741701
0.9984987916154504
0.9982401062322304
0.9965594242661185
0.98784314817385
0.9999985754498794
0.942671697262745
0.9875786285060775
0.9999836521507478
0.9839460647823317
0.9995569260304423
0.9999641245326227
0.8116362402115543
0.9685948668426515
0.999965638840408
0.9999873609110624
0.9974842192526586
0.9999932873990496
0.9999998528410065
0.9999811779571839
0.9999936830018925
0.999960582348676
0.9948214363283981
0.99683501711335
0.9794803657757971
0.9908839674631018
0.9946930389912827
0.9763618907287361
0.9926139427488112
0.9998992149923175
0.9141743257337424
0.9856312970289681
0.9866840219441908
0.9999512232926322
0.9999739808802401
0.9997853455740858
0.9999966313089551
0.9990292137587109
0.9830470683565943
0.9986643501894887
0.9999703227737826
0.9991649638936053
0.96388061808673
0.9578097020009998
0.9688574820920743
0.9999982611066733
0.9999714402285368
0.9987418003634266
0.9987241271264656
0.9973755174998737
0.996006152521091
0.9999865128852634
0.9998123074304818
0.999975929237808
0.9554605658927428
0.9937375614347639
0.9998918873629813
0.9942335867391103
0.9957915444263603
0.9997707901589793
0.9998221167126452
0.9998297395831837
0.9936660029714688
0.9998953855564328
0.9995838963553496
0.9948579476923968
0.9999163044968932
0.999864506061823
0.9999621696999149
0.9959928288919874
0.997677262495794
0.9810990218237632
0.9996961589228316
0.999338609887993
0.9944379583733951
0.9997299194787483
0.9999938452522875
0.9973050081195695
0.9927752469574687
0.9999974331398304
0.9393620925160645
0.9995204387966601
0.996021158793601
0.9973700592973903
0.9999767342819034
0.9981674159328819
0.9999996140268286
0.9999860410845732
0.9688777258457189
0.9999965320231813
0.9999956347700177
0.994532382797162
0.8414264670941578
0.9999788614790466
0.9952675984365909
0.9999784755553208
0.999988382717183
0.9980726813576283
0.9999871475615779
0.9915640221045865
0.9998567734993072
0.9754395082108228
0.9955298427689576
0.9147158934367743
0.9999266776725316
0.9994897326168404
0.9997217050837155
0.9999438646606957
0.999865516597902
0.9999741773349105
0.9999993640958125
0.9999178103936226
0.999992280240186
0.9974895786977773
0.9998160238801164
0.9999852216371913
0.9952149385198491
0.9994300492678823
0.9868419318748933
0.9997404873955364
0.9971581623127023
0.933913641303709
0.9988431821205628
0.9991863440429284
0.9982632054293445
0.9999160913088937
0.9970930777985123
0.9998505738088328
0.9999980184746624
0.9996917059041901
0.9962886294202198
0.9962102556034428
0.9964189152468654
0.9952720065600954
0.9999897854568128
0.9999992571624281
0.9999917509668768
0.9976130027203779
0.9871902439594109
0.9999998394559846
0.99933389744823
0.9976516532169022
0.995384192829962
0.9953891642629644
0.9941497226824751
0.9982498177239665
0.9955588538078997
0.9999367259417299
0.9994679642875335
0.9999498151353292
0.9836469767950534
0.9445407650179389
0.9984952236208043
0.9969983866685604
0.9986707647403527
0.9999905887252385
0.997129142161757
0.8115502877827437
0.9997244549071378
0.9998322180636883
0.9983314025723978
0.9998909980323474
0.9999144102558994
0.9996000627635336
0.9330281080014641
0.990373101413418
0.9962455244280348
0.9999995724020211
0.9656659092934503
0.9943698551359546
0.9997783101974391
0.9997173428427624
0.9994447953921285
0.9965974074712819
0.9934847596806206
0.9648758678056345
0.9906340123961563
0.8477542459886984
0.9731418270722924
0.9980375395833075
0.9549333394600719
0.9880898992999261
0.9525503981435238
0.9999938593806101
0.6381665003939891
0.9999834542379737
0.9814581416994401
0.963324538933936
0.9999913982618444
0.9832844278369652
0.9955831296994955
