g__UMGS911 2
g__UMGS911 2
g__UMGS1312 1
g__UMGS1312 2
d__Bacteria 1
d__Bacteria 1
d__Bacteria 1
 20
 1
 1
 0
 2
 1
 1
 0
 1
 1
 1
 1
 1
 1
 1
 1
 1
 2
 2
 1
 1
 3
 3
 5
 2
 3
 3
 3
 3
 4
 4
 2
 4
 4
 3
 6
 6
 7
 7
 6
 6
 5
 6
 3
 14
 3
 3
 8
 8
 7
 8
 9
 5
 5
 7
 7
 8
 24
 6
 5
 5
 5
 4
 5
 4
 4
 20
 39
 43
 7
 6
 5
 5
 5
 7
 6
 7
 5
 4
 5
 5
 5
 6
 6
 7
 8
 4
 5
 2
 4
 5
 4
 4
 4
 4
 4
 5
 3
 4
 4
 1
 3
 3
 4
 5
 5
 3
 6
 10
 8
 8
 9
 9
 8
 6
 6
 5
 2
 5
 2
 1
 3
 2
 2
 1
 4
 1
 1
 2
 1
 1
 8
 6
 3
 3
 3
 2
 4
 3
 4
 5
 2
 6
 4
 5
 4
 4
 3
 3
 3
 3
 4
 6
 6
 6
 7
 6
 5
 6
 7
 6
 5
 6
 6
 7
 6
 6
 6
 9
 5
 4
 2
 2
 7
 7
 8
 6
 6
 6
 6
 5
 6
 5
 4
 4
 4
 3
 3
 4
 3
 5
 5
 2
 0
 1
 1
 1
 3
