0.9851911718988285
0.9788436898782898
0.759303180360216
0.8845944663614016
0.9921058741638006
0.9404223927929641
0.5936039660833978
0.5998064980604345
0.9922166146277919
0.995039238668483
0.939327265480886
0.9837413135386066
0.9854744289221111
0.5109349950404004
0.6376842303719393
0.7316543265718691
0.9863073557344457
0.9803270307366686
0.9858344297666118
0.9303058368798627
0.9589280580540118
0.9857595092009064
0.9871122906029449
0.9771055951064543
0.9988634776139672
0.9758768744551881
0.7498185189054934
0.5837017381015231
0.7774878285571237
0.9919963197495766
0.9909764241001876
0.5888791771002831
0.7909917779211381
0.9983753381056164
0.7584511557129648
0.9564836536762602
0.9541017400602277
0.7553459613772063
0.8010115386674047
0.9082849267118156
0.9843807800748263
0.9555356954830863
0.8355983980696609
0.7592202220057342
0.7403492128895963
0.9212809591107903
0.9868826060826213
0.8257962220955122
0.6961417798685301
0.6711953524261989
0.7272213772499041
0.8964810357528402
0.6826425574686488
0.971793674801943
0.8382530141114353
0.9996124535737778
0.590263900412417
0.9251107727828007
0.9711537260222116
0.9280041401020941
0.771582793194373
0.5998895004260845
0.9027196958320267
0.9018203499644568
0.85926838407291
0.946046867456756
0.8093202370771133
0.5002672331657412
0.7207479875360063
0.9366190263101267
0.7587231636726117
0.8777995598909129
0.9074527964895505
0.7879593207705946
0.7023746725743494
0.8171098435639602
0.7255783122757808
0.5724687168969758
0.8774807697270645
0.947145870868043
0.9986261194308699
0.9998000015819468
0.9591211763309966
0.9401215771898884
0.9908661813295471
0.6204640492751373
0.9763335948678816
0.9998200352999038
0.9986450765487047
0.9989321974904323
0.9925024056687001
0.9853293734795282
0.782202833324816
0.9821588378450299
0.9489315407003728
0.9317917758204222
0.9236714898849282
0.9083209743387295
0.7000056087779428
0.7835796226223637
0.8629479345816498
0.8766415838422144
0.998547481745742
0.9354618297420334
0.7718645801310197
0.6927642191219261
0.9124432863573954
0.8571155131821074
0.9965135729633634
0.9016793253118355
0.7233173496764733
0.8122149269033988
0.9269001739730808
0.8410616703001141
0.6752760141649871
0.9976524456656441
0.9537459257319761
0.7253805848801158
0.802526870831135
0.5315723983768966
0.6724895223646818
0.6020240156411041
0.7085652882081731
0.8686791788724112
0.9363750063423169
0.5582647978026798
0.9406341729297366
0.9122022447394185
0.8955930479783406
0.9765196765502153
0.9876160826270485
0.9996673233108445
0.6553983213448638
0.9028782896979283
0.9999225025501893
0.9949191967029359
0.9927978667390964
0.8986122165713872
0.5524762955928543
0.6588559833375845
0.9945183909393834
0.7941001587123249
0.9487319166878675
0.8496718121917137
0.8176523555489932
0.5072666857825416
0.5575812294226541
0.8121667195115707
0.862392706218405
0.9766400171707252
0.989156312557914
0.6872342765160646
0.9888381735287687
0.6850762980536029
0.8608667338718251
0.8560961377451215
0.9988106445853717
0.8892418886328151
0.9166954858400329
0.7873796439704492
0.5126785086022911
0.7108590480109557
0.6324445342529466
0.9772529383385692
0.7969215524784954
0.94954314608186
0.924528363922802
0.8304157210962849
0.9533287608778166
0.8141643451809808
0.9937639382568567
0.7021797034234627
0.5438864343625246
0.6609795130749456
0.9784284923748862
0.9950340587544166
0.7173664116469969
0.8106914187060328
0.9759776529508473
0.7783489154111335
0.5065253102552513
0.889659949471151
0.9636694310278963
0.8058010468175478
0.9628476604144532
0.8275727301549491
0.9999686181300487
0.9992823008472956
0.9833765658731206
0.9766947389258472
0.9974713696665188
0.9851911718988285
0.9788436898782898
0.759303180360216
0.8845944663614016
0.9921058741638006
0.9404223927929641
0.5936039660833978
0.5998064980604345
0.9922166146277919
0.995039238668483
0.939327265480886
0.9837413135386066
0.9854744289221111
0.5109349950404004
0.6376842303719393
0.7316543265718691
0.9863073557344457
0.9803270307366686
0.9858344297666118
0.9303058368798627
0.9589280580540118
0.9857595092009064
0.9871122906029449
0.9771055951064543
0.9988634776139672
0.9758768744551881
0.7498185189054934
0.5837017381015231
0.7774878285571237
0.9919963197495766
0.9909764241001876
0.5888791771002831
0.7909917779211381
0.9983753381056164
0.7584511557129648
0.9564836536762602
0.9541017400602277
0.9851704695501823
0.9729519926008514
0.9969555977030844
0.995343362306284
0.9798937355031327
0.9991693289133644
0.984943698801931
0.9994097380836302
0.9957289311061315
0.999999999982059
0.9990477344370282
0.9999879088238784
0.9898051358406519
0.9911822092236573
0.9991579466436763
0.9964064799747685
0.6077420200689355
0.9769884293148976
0.9915673784570637
0.9999985993246389
0.9834800435983898
0.9949721504747855
0.8463897862005489
0.998399732201474
0.9997651753713883
0.9999807820243944
0.9996228867560296
0.9999164224630982
0.9734899722525138
0.9961410089777184
0.9957033970753756
0.9977145136263765
0.9962141303737355
0.9896229926577019
0.9974588094668295
0.9991887001876294
0.9718541457363017
0.9996221854900385
0.9425298578955655
0.9897005371957524
0.9999400418133588
0.9999999711439986
0.9997995528657904
0.9999978052480508
0.9943549668966346
0.9754757738516677
0.5284133932394368
0.9972477057137942
0.9437712920338607
0.9613593816283892
0.9470885342837241
0.9946651184602563
0.9977894359498016
0.9995106728515504
0.999207220084162
0.9630589126602535
0.9999976676864808
0.992622677907576
0.994747699291943
0.9960147410611919
0.9861337746769292
0.9999999452406171
0.9505996911289807
0.9999742200550016
0.9960046000581043
0.9999938814992968
0.9940449606753914
0.9997168517223346
0.999501492423608
0.9913665589105994
0.9407565303037008
0.9317319220650344
0.9986252019981419
0.5504333659230435
0.9989797208276051
0.6117725993396447
0.9991186043820727
0.9999779042563791
0.9993275211871643
0.9996884720077434
0.9999490804358131
0.9973187813247023
0.9987648289359735
0.8818654367596946
0.9914900749980905
0.9972892511660273
0.988825131846426
0.9958391436189868
0.9630036681022174
0.8825290645898118
0.9977370120320256
0.9990876993476193
0.9923766324736191
0.9962169396692234
0.972350027041461
0.9987194771023397
0.9446513458425237
0.993556116002626
0.9937721882849321
0.9400949461853383
0.9959396412582535
0.9899713132209158
0.9995141441096863
0.9241185534580085
0.753721629160788
0.9516070754450288
0.882449798463672
0.9926609518474626
0.9986790562447267
0.9738999876630567
0.9860460012217738
0.9999999760531298
0.9643669769997216
0.9719220206456711
0.9999989725968994
0.9647376210381156
0.9226902077620784
0.5718764101571447
0.9999982982722835
0.989285122377252
0.9980441856100076
0.9911712994869897
0.9999999573020255
0.9924539279134711
0.9994702077786171
0.9766223175824109
0.9981858118614324
0.9922054991019967
0.9956615619437232
0.9676041428303457
0.9959100746641979
0.9999988560347371
0.9932047780149673
0.9999898854079078
0.980977147121609
0.9915201150289645
0.9804200350707742
0.9978777048078915
0.9800585084984484
0.8997717630536836
0.9999999561217384
0.9895493347509496
0.9813451543941646
0.9711363563573172
0.9978463159465388
0.999981606678841
0.9986046941998996
0.9965230957214258
0.9949034321632062
0.8639635454446085
0.9958408629692768
0.9756141095383918
0.8276152006325979
0.9710967828787921
0.9999767037086773
0.9993663329619987
0.9999998217824546
0.9983466505585592
0.9833630407082694
0.9477356963164628
0.9959996791673038
0.9971086404654949
0.9999996972825517
0.9010369513645414
0.9944612527456432
0.9986972847059146
0.9996135307736576
0.998412647516554
0.9994548104471532
0.9999835416233351
0.9678472246219495
0.9999943234485321
0.9999601479891086
0.9985674128254355
0.979910942643817
0.6231932948559185
0.9999986309540967
0.9931620212385266
0.999290557501963
0.9732535740532183
0.9871165487139368
0.9936909830096247
0.9946472154798531
0.9960814900569538
0.9972457641237362
0.9954123714852908
0.9938139858763996
0.9911478220723905
0.9997811789853596
0.9295118014875571
0.9916259606397813
0.9985305801732659
0.9976615292158831
0.9981009041021458
0.9926886602645326
0.9912102381685723
0.9998336737255823
0.9988068867139603
0.9996305631962322
0.9936455871622089
0.9995871204990153
0.9454084219480176
0.9995455385615399
0.9753718053585224
0.9485022362216323
0.9981232125653529
0.9989346511035067
0.9919347892106738
0.9992823444701725
0.989947795676327
0.9927786008358863
0.9989496898048237
0.9999987925743311
0.976544993353328
0.9999009030139829
0.962824227292829
0.9940433805573601
0.999525686709771
0.9994375530801851
0.9653007195181381
0.9998840323047247
0.9999966350196912
0.9909248747605948
0.9693401103312224
0.9557619648061376
0.999999999551761
0.995208634092994
0.9945464825847887
0.9998875367400871
0.6559190492788779
0.9999428493080296
0.9999997186041424
0.9999989485169415
0.994015381804866
0.9969352697761313
0.9999969611352301
0.9708136750751402
0.9993172572872513
0.9999998408117223
0.9996317878342397
0.99946091455439
0.9953778110278996
0.9822615627926408
0.9990535324494126
0.7986803529416808
0.9841021754126043
0.997286837309177
0.9985725871025847
0.9996240084591659
0.9999820869744702
0.9999639183692988
0.9999990564407032
0.9983776639678231
0.9995873877426428
0.9988398494346011
0.9644100415138902
0.9979079957027512
0.999259611984063
0.8770027178301772
0.9999959152798178
0.9722205410937859
0.7662133986831521
0.9921084281376147
0.9878148210634831
0.9965838009768432
0.999234239048497
0.9999997582118086
0.9998237513712193
0.9905950340984487
0.9877422385956138
0.9839086974441161
0.9993982102364906
0.9408692176739967
0.996907661266834
0.9984808489757954
0.9984283367588224
0.9988230113363655
0.9995855408680032
0.8887939031792016
0.8485650400207023
0.9949771095827004
0.9158456782891782
0.9999696651695378
0.999990738472039
0.9971819247839834
0.9854460655888262
0.9579843495524407
0.9878364058584116
0.5849834729521833
0.9999999999536242
0.9998164945692872
0.995234487128316
0.8554129920221719
0.8112642779240004
0.9996146353907239
0.9994748232376475
0.9757827330571947
0.7068950763859458
0.9806700561898718
0.9012141122303208
0.99983992704557
0.810630156778166
0.9059092722007946
0.9226371996688943
0.9991270253502874
0.9987382365538704
0.8791703234691903
0.9999999999967832
0.9999999999661497
0.9836872223284718
0.9987417059061545
0.9816349131883257
0.9989754327497052
0.9924779093939168
0.9999997351664791
0.9043528352880587
0.912774404671922
0.7563505120395716
0.9985253312941984
0.5557226985719728
0.9999962284757538
0.9947000312568866
0.9982002749077857
0.9995473823342482
0.9924397132836817
0.9936936229069055
0.9459985083585999
0.7882206194344352
0.9972996698752504
0.9981509877237872
0.9306607859072941
0.9983095435016814
0.9999726385309349
0.9989541412883853
0.9999359553255319
0.9744193103298838
0.9995579690762396
0.8297453716820494
0.994169472882669
0.9966071146049157
0.9792334879086434
0.9921117369291609
0.9816797022742896
0.9988592211783042
0.9987786954036056
0.999712339991316
0.9999998194143287
0.9996419354562691
0.9909685570459751
0.999998700159908
0.9968366808853479
0.9992435040949837
0.9967036124592683
0.9932102135706985
0.9999815930321119
0.9999231283973697
0.9999001171453161
0.9875698333522469
0.9987084990748244
0.9927047491070229
0.9892408818863615
0.9849089096134158
0.9999203510524705
0.9974954840948684
0.9549485557012279
0.9990028992205696
0.9999962184004316
0.9959304039021074
0.9997196767228724
0.9941825521119123
0.9997022297327037
0.999999646823363
0.9999999829343645
0.9636860596493435
0.9745879344555033
0.6332655737718562
0.9938070897987795
0.6633683548313782
0.9889433346820051
0.9768486841717906
0.8762300704207592
0.9187480614666251
0.8310852823371448
0.9566418066528953
0.9984771830656762
0.9996610434708776
0.9959978616300443
0.9619570868802295
0.9999957823134357
0.9999414113432155
0.9999763479776365
0.9972230073935983
0.9996711144851373
0.9959514971304603
0.9918759384516365
0.9977753595698937
0.9070633071710241
0.9984654170679753
0.9983806253137605
0.9997654821558215
0.99557363557001
0.9946172124344023
0.6462984038837505
0.9930229254968755
0.9972088799189665
0.9958963332860282
0.9969929800864558
0.9809396901520875
0.9742118406578889
0.9513485168173532
0.6213930772064318
0.9997110117009963
0.9979868240321134
0.9475781661589163
0.9970267767021638
0.9998940605361853
0.9825801718461774
0.998293731128763
0.9936324572411135
0.9957909229325919
0.995398041267761
0.9786670334496812
0.9994780362395475
0.9992526936768338
0.9983046068865343
0.9952340347965484
0.9971497286767629
0.998310192927177
0.9982256911613788
0.9988010218231843
0.9889367352945536
0.9979278147200279
0.9927685874443894
0.9993032245124059
0.9990670610374377
0.9771655720661968
0.9682143770026194
0.9989483982410019
0.9961519350658178
0.9903690831569182
0.988136229903259
0.9995331932151319
0.9795228599548725
0.9968581668289257
0.998634202481263
0.9961889144932788
0.9871373773069002
0.9989559607758841
0.9988331624312234
0.9909214830167704
0.9777130790833949
0.9964851346438621
0.9973084212770027
0.9966150817704017
0.9950282080644713
0.998733027526337
0.98898652554708
0.9973779198576895
0.9951891983207604
0.9992362884508164
0.9614866163399416
0.9938753897098213
0.9978065211913529
0.9968659325686847
0.9340917261957948
0.9528474324972077
0.8238829680112446
0.96936225985931
0.9931107254562145
0.9999947420283181
0.9510513759054633
0.996617687721468
0.991646784859468
0.9986817689378599
0.9618097733816464
0.9993483105797829
0.9575490440118779
0.9828247891300339
0.9975033119847988
0.928917979147928
0.9837946577744889
0.9945730489741372
0.9904736616713384
0.9999999864185134
0.9996010369835553
0.9809001351803787
0.9983479073410519
0.9999567507420624
0.9995040207394966
0.9986399083665846
0.9998269100178472
0.9999524924572571
0.9979184608043731
0.9981997187406192
0.9945008034723781
0.999999962128791
0.9999286794174814
0.9999997629908652
0.9999998779900499
0.9988930992046844
0.9654508709576155
0.9999999947395182
0.9948449732802415
0.999898437863283
0.9999877778970518
0.9966117366807703
0.9999994281121285
0.9999999918266592
0.9996193202426594
0.9999988236413437
0.9998143984470008
0.9986419741764093
0.9972104924425459
0.984973924595338
0.9753214167742479
0.9999955015960323
0.9999420490288322
0.9983304398498364
0.9974405150103859
0.9999927231571711
0.9890369005343933
0.999896064925501
0.9999207626016291
0.9999957143878305
0.9984876078143582
0.9999999909538192
0.9895635186481554
0.9989001287041331
0.9999545544622188
0.999875562837056
0.9978025781028601
0.9960751332776102
0.9999985759395527
0.9998454335160001
0.9999541498637183
0.9878013053307251
0.9976933864307329
0.9909789949998868
0.9793685746136755
0.9168890744532268
0.9632527124617809
0.9550101799985142
0.999469094965577
0.9996981630999029
0.9999948844781091
0.9118450426756208
0.9998676251862119
0.9977538751612401
0.9929611276538448
0.9503769164886646
0.9043328113962418
0.9974027721109682
0.9991332813298108
0.5906223512094748
0.9999998647776632
0.9970025536380901
0.9754188677952869
0.9997292597678092
0.9196608092793022
0.9990632194345568
0.9987821471613293
0.9851676388155068
0.9809149236083357
0.9999984633490072
0.9999984317184042
0.9998471764004173
0.9995092775629163
0.9999902477665892
0.9996417878046335
0.9946089712810959
0.9923793565704209
0.9999956639011185
0.999333606544625
0.9413501981455094
0.999999999319201
0.9999999993506237
0.9968497694982943
0.9868292339361235
0.9993504115109481
0.9999998825897094
0.9999999984605878
0.9999948602162907
0.9999999973351819
0.9999941324189561
0.9946361075359649
0.9553995185547505
0.9999979888119203
0.9926897849685192
0.9975169519114976
0.9994609353145006
0.8611989389678828
0.9994942809836224
0.9939599910637233
0.9999190693478941
0.9997624853834912
0.9999134525331708
0.9999993969912057
0.9969430689728942
0.999954598233946
0.9999998327503405
0.9999616234817696
0.9932517079427433
0.9998703727041386
0.9964623908366808
0.9999858894993506
0.9910920125820298
0.9880106888554696
0.9999999961296464
0.9980855838731107
0.9967118257241001
0.9998120865371596
0.8963804413691581
0.9851963217305616
0.9964155677213818
0.9999999372272311
0.9452811739095156
0.9910779678863344
0.9967100899742314
0.9999999437174186
0.9998230257261164
0.9999429063622617
0.9687420998171702
0.9995205969725744
0.9999994634189028
0.9999954366483581
0.9996500769312847
0.9999875350688866
0.9995356008170805
0.9999107712279143
0.999046111932096
0.9982298033535808
0.9856105511905876
0.9444171606099361
0.9923918987474443
0.9995252981093494
0.9786587855162109
0.9999230533967661
0.9999999913346601
0.9993553899883779
0.9547945631453268
0.999998820071526
0.9937441257059607
0.9984763506493743
0.9999255059702187
0.997637948059062
0.9947187146654628
0.9950245768834542
0.9962694837910117
0.9899889225473134
0.9960704030543551
0.9833514803596479
0.9999999201632027
0.9999824441145684
0.9895402968074203
0.9752046868833074
0.9989818700628207
0.9633118589295658
0.9997886418885876
0.9903025221447329
0.9999993480742029
0.9964803980953031
0.99548732546787
0.9999972660374467
0.9999980307615998
0.999994293532098
0.9778480019900427
0.9922684401056604
0.9999932229099415
0.9999958273576244
0.9999999976358009
0.9997549612269142
0.9998260615595931
0.980072534014539
0.9999995571449192
0.9999724207637731
0.9881070316065833
0.99993912379548
0.9992014425688369
0.9999999983525132
0.9999998672325608
0.9999995943254241
0.9967068345590516
0.999993790925929
0.9979351797273119
0.9726575860097557
0.9999757694706808
0.9971645263354534
0.9999997502146654
0.9950264742332121
0.9999893616632152
0.9969101935738324
0.9957049279827107
0.9999888690609929
0.9998410726288776
0.999252321816627
0.9999842162905155
0.9999069589414804
0.9987741837597935
0.9999280514740705
0.9999998544747005
0.9999999777483022
0.9979319788462795
0.9968681493460596
0.9994513735473121
0.9420992614710553
0.9940415758526978
0.9999934959487488
0.9999008678722409
0.991121201344622
0.9901581170032066
0.9999809651548021
0.9334723759179036
0.9999997221369573
0.9995129163614243
0.987254317690909
0.987272115483398
0.9999422290256217
0.9787990836777724
0.9999764126922198
0.9994069194308112
0.9889569047906973
0.9999160634545684
0.9998121431760933
0.9999882897935448
0.9985415082445773
0.9997479558181981
0.9934818644348888
0.9999258266114526
0.9965975413426647
0.9446145815416424
0.9999456997733992
0.9997770960897115
0.9993139797956738
0.9999596793849929
0.9992236345245402
0.9943890486397046
0.9988779923724693
0.9971497466995022
0.9923805325291923
0.9999218229312512
0.9999999998511655
0.9992188035906442
0.9989103036596853
0.9871026966467599
0.9612791989818633
0.999999908431147
0.9999986166436258
0.9999997661463541
0.9993897207930189
0.9955599877211986
0.9958941744711621
0.9110852782839312
0.9999946046482787
0.9924203552523183
0.9858083070622304
0.9999999983935428
0.9999999222400979
0.9999993215335821
0.9999998832058764
0.9546719153711957
0.9999261944469359
0.9999032490717101
0.9960048426331365
0.9999937277354446
0.996131933182692
0.8967802089966916
0.9712713407130996
0.9886727110737283
0.9867009198470644
0.9974608485634184
0.9999994038006652
0.9999980971472111
0.99999999591659
0.9996318165030391
0.9999823722847805
0.9999987256692077
0.9992035839974521
0.9999952426757598
0.9999997107279353
0.9999299080027813
0.9552731930331824
0.9999997472604377
0.999992267177158
0.99999999916053
0.988221800700076
0.8726223618738062
0.9981465579034947
0.9987839181442806
0.99999893133537
0.9063502418910098
0.9999885283211682
0.9987221620860218
0.99989529689919
0.9991180835980895
0.9999001289294901
0.9998191436030225
0.9984229610907178
0.9795701401038803
0.9999989973650408
0.9999559721894794
0.9997769188622232
0.9998352945006879
0.9999996475545646
0.9999997844568886
0.999989763423888
0.8569187590762894
0.9397409676679941
0.9999824131726018
0.9999151487452246
0.999980638243145
0.9999827573148652
0.8004636811376094
0.9999881980635593
0.9999947501353251
0.9973949479062678
0.9675733951490668
0.9999994851986492
0.999999764603818
0.9991941463886487
0.9934781745645975
0.9999997893286108
0.9999532131418819
0.9998685663209067
0.9999979460100565
0.9999904792804656
0.9992379628246566
0.9999932196697756
0.999999881095106
0.9999999987161972
0.9999999993798911
0.9999282629065892
0.9841240253693844
0.9697375805834205
0.968788356769086
0.9990143017983968
0.9631292750870734
0.9953553521165689
1.0
0.9987529491644296
0.9996479473885588
0.9985122180663943
0.9984482564430001
0.9790805922504585
0.9375632239965876
0.9899090256424992
0.9997878958102941
0.999986771870279
0.9995323369203052
0.9999978612883211
0.994384625637396
0.995151333245314
0.9999999505323414
0.9895548830336722
0.9999992643664939
0.9999669954487189
0.9822253165763516
0.999991141151916
0.9999896726562609
0.9984857756573473
0.9970653571034155
0.9998943312702876
0.9994696650151355
0.9999992870593257
0.9999999709451455
0.9194659003310731
0.9999264192891811
0.9999969236672522
0.9995864904223397
0.9975781432074667
0.9957384603761072
0.9989431370646984
0.9428013134956466
0.9999977968244492
0.9999989176016052
0.9999991031102714
0.9936702461825466
0.9999999964409356
0.9999246243243392
0.9964222945884181
0.9967294790679585
0.9999997096917045
0.9999971241346334
0.999388588473203
0.9999999999982057
0.9997869299735453
0.9999983245336236
0.9999996390953086
0.9994525783740147
0.9980782952345114
0.9977776278253029
0.9999999999565772
0.9999999831519125
0.9999894584472255
0.9967952871326081
0.9913377922209057
0.9999980967411224
0.9999980679547031
0.9966941345915054
0.9989094949466785
0.9962748807252966
0.9998572515194737
0.9999999333252274
0.9930934003453477
0.997388738271246
0.9945695746751756
0.9998973275458497
0.9988477060851347
0.9734549564649342
0.9987206803189366
0.9982128571245933
0.9964681619692891
0.999981379281006
0.9999756129683268
0.9998609687894864
0.9962402924646382
0.98685562678761
0.9936790997244219
0.9968112370786383
0.7458888113716746
0.9690969281366079
0.987737773467077
0.9660897483403057
0.9773799448590398
0.9930768925404821
0.9875443011966485
0.9748293254757405
0.9986879533693125
0.9223660429947429
0.9999928035906333
0.9985550127536666
0.9999993011288214
0.9999851323789912
0.9913700316922854
0.9966493130889962
0.9999998213757856
0.9744737084688258
0.9840026118577967
0.9989297430442414
0.8647820382358472
0.9683404647514652
0.9999453240476568
0.9997060251071557
0.9931355995873788
0.996062620381714
0.9376418384948079
0.9990517840763791
0.9810338428621332
0.9840946305791742
0.978515439118461
0.9983760555906126
0.9999889011947698
0.9651411231462973
0.9975800053441869
0.8949088116528239
0.9453493640531127
0.9868850036024566
0.9297788869861913
0.9969896841311671
0.9611939657763882
0.772517310113006
0.9983436534239043
0.9949765388373628
0.9991902432719024
0.9701200073201262
0.9039465285323562
0.9969546697204479
0.9950164184324131
0.933028665867854
0.9547323720133217
0.9948754739544744
0.977852493636372
0.9864484902607484
0.9979370599210067
0.9189435577266832
0.9409517345733763
0.9991208651149605
0.9951774014660594
0.9304106970834304
0.9970053715366857
0.9997603521741402
0.9883412960136209
0.9999968741015532
0.998492736131326
0.9999997552340085
0.7455804641360498
0.9999079986773621
0.999997738530766
0.9992848761837462
0.9997464827274943
0.9237156320101344
0.9851119848480041
0.9583141809671923
0.9614989712348264
0.984060855691458
0.8130928475642563
0.9851104743686406
0.9806015015229348
0.995527691194586
0.988140714485292
0.9987588676830679
0.9998059848302603
0.9931743853393954
0.9983881761950487
0.9942430604321647
0.9588159581297443
0.9822273199757283
0.9924121093550552
0.9434747977896437
0.9696959882715516
0.9812978036950033
0.9948998858512992
0.9947505854456277
0.9996035774106133
0.9886189000237282
0.9974926056591549
0.99999937358297
0.9996712081720962
0.9993980050351916
0.9311084636589945
0.9968386873258932
0.9965684881377366
0.9705150026136126
0.9962486075064495
0.9999997367459634
0.9918832143126044
0.8780825254113239
0.952609343707282
0.9476689290285507
0.9996926351967953
0.9790929294911541
0.9998121212786836
0.9794080445513198
0.9994804579431077
0.9839318421359913
0.9953057684940061
0.9958713110812779
0.9608713075194292
0.9981010432227154
0.9301452942998414
0.968238203081615
0.9852875897044853
0.9956931638619023
0.9514411497736706
0.7855002914527744
0.973694754559915
0.7933668339594495
0.9977908639355255
0.9916379360826483
0.9922223594176499
0.9497663646783744
0.9986117729426476
0.9976086723717025
0.9975843479997711
0.9705710835713793
0.5048511197700495
0.9907788464246379
0.9998080834552857
0.9882825821535307
0.9999279711175131
0.9983362189368028
0.9858747811193572
0.9753175373720763
0.9691543945571235
0.9864997572921719
0.9611965904162187
0.9365128396351204
0.9997578119394588
0.999998632787248
0.9999908551556221
0.9971695146591097
0.9992643226317363
0.9986247690297025
0.9959326015734307
0.9998747278935298
0.9978315942309455
0.8131121238356975
0.9905273697327067
0.9932411166204645
0.9999366102214705
0.9982300736569919
0.9990235414362343
0.9765096875672158
0.9780553823043929
0.9691957238807686
0.9757836997681223
0.9834881471308318
0.9377705145118037
0.9918154067006643
0.9556403176614121
0.9979706717040936
0.9998513024865855
0.9967454010055604
0.9999999836424052
0.999988433381325
0.999466891155731
0.9956310615539161
0.9986251558478813
0.9872018202047058
0.9849428595987584
0.9992964835185648
0.9762197747762651
0.9938343099709245
0.9832162590515926
0.9941885583381554
0.9921448924840055
0.9994017000801446
0.9999817660256513
0.8393008581968966
0.9995215403279177
0.9965323112942941
0.991296342955282
0.781754905901046
0.5417131867531416
0.9999988402592165
0.9169645133828924
0.9322700465752517
0.9844461768504917
0.9539381091357668
0.9914635370047358
0.9893178518754792
0.920001387023731
0.985871603539662
0.9520992035541335
0.9894206392940871
0.9986254479011618
0.9982599884425092
0.9945738636672717
0.992697471919056
0.9499695238813011
0.9967899301109382
0.9813570736677539
0.997020090039969
0.9999934767791369
0.9987403442724294
0.9974857653395892
0.9917247790628934
0.9996931674183783
0.9990558292406079
0.8399941961957994
0.9905425820911359
0.9955962349700213
0.9777488143914249
0.9999998498226285
0.9999531859589204
0.9999639703577733
0.9946570350551076
0.9990257951344426
0.9994255541434839
0.99987713359129
0.9833624173991665
0.9225180688266611
0.9915076016757068
0.9990873226381517
0.978321280782796
0.9474925032135301
0.9701956400879157
0.9921973901693547
0.9999607981572142
0.9827900105775438
0.9877227695253036
0.9988205344245743
0.9951539316949677
0.9862680655142757
0.986132404734069
0.9999792791695279
0.9999460255436597
0.9883834541423827
0.985638468355015
0.9999979647366221
0.9999995557234265
0.832627789055995
0.9239955186635815
0.9996234153173804
0.9809935793920136
0.9972852681642824
0.9952819664193359
0.9998251684636923
0.9999112314889748
0.9955586381928326
0.8931165882815937
0.9979284034970073
0.9967014197852037
0.9771796321461816
0.9970017599935104
0.9756784026804168
0.9696195994060574
0.9779245411903797
0.9926673213087345
0.9975503184969892
0.9992011611823509
0.9780923146065714
0.9680442315327866
0.9255975999099691
0.9644685551364853
0.9771771889581196
0.9670173610120342
0.9560577941242611
0.9999924471214063
0.9946199965984822
0.9958336049085039
0.9931132505761334
0.97336675421577
0.9875823806164522
0.9338863623620285
0.9779542977595748
0.9994860509480898
0.9939898451436181
0.9999293811157043
0.9838276808216885
0.9991222295855519
0.9914341451185423
0.9819807093345541
0.9775095491223346
0.9998166811208431
0.9757862965722685
0.9499618896012408
0.9991897003985153
0.9019687980752529
0.9525088386437174
0.9999921663553817
0.6682055078518085
0.9999966786192613
0.9997124211851895
0.9999697289175141
0.9980026971270846
0.9974088916542768
0.999139973490464
0.9972000335852955
0.9907056097767759
0.9999998293786714
0.999859623176043
0.6415095855310993
0.9536871857313368
0.9933209464299527
0.9979597460436861
0.9907089268279073
0.9998206713641089
0.9998598277303805
0.9996115931957992
0.9924423531294008
0.9981140694296499
0.9965274965503313
0.9987536855362721
0.9990997898780619
0.999905005553136
0.9912370076985582
0.9874228541689059
0.9998243657735941
0.9954483258927408
0.9911106637677154
0.9999909073870579
0.9847459470109764
0.5777931900749183
0.9969309779081637
0.9923009083696326
0.9410541417350242
0.9978264695203608
0.9951396739108065
0.9879830321450797
0.8618194772804975
0.9994209826224155
0.9947973238810534
0.9232880679157478
0.9880946064617301
0.997823247738583
0.9798366877735502
0.9654709540724242
0.9814025603048004
0.9813250506150869
0.9797431865899301
0.9948239725199993
0.7449170062708559
0.9940762806120423
0.9999827428190496
0.9976084485192354
0.9281953618102823
0.9834840557896263
0.999376869607226
0.9968829641673779
0.9995410901814261
0.997246806486659
0.9999948908241738
0.9998647298627796
0.9869115094953946
0.9999989723407374
0.9999612106068406
0.9896472971251247
0.9978696702646563
0.9981168019631761
0.9492632375635409
0.9979879815972579
0.9735441394433073
0.9993646101533309
0.9972329782668342
0.9998745085464258
0.9999988973444792
0.8757911297120378
0.9999992159213921
0.9999969910857218
0.9837505090376905
0.9989761366816611
0.9679503982035941
0.9992358708881837
0.9360638205128226
0.997524337698207
0.9888839261530319
0.9995538406440858
0.9831164711428052
0.9875832055523628
0.9983155579338449
0.9350079234482392
0.9907000587322464
0.9915801360116616
0.9966350367627118
0.9668713518851795
0.9892361262220501
0.9990666065971698
0.940108958719555
0.9821077357539759
0.999811381360762
0.9952749039745235
0.9617546448645593
0.9904225420678684
0.9847059296318668
0.9819552068107802
0.9759654210485803
0.947788631572834
0.9987359303021563
0.9882608559099928
0.9439948823869839
0.9935980611713602
0.9920994600445744
0.9987425228152199
0.9822132072457647
0.9992267152269916
0.9934869314265043
0.9854109551565009
0.9862760656631193
0.9979373626053284
0.9914754032410186
0.9878792533179085
0.9950564828649117
0.9972334588148897
0.9997956189081405
0.9981849640469953
0.9912753903440731
0.985527297504322
0.9763645735431241
0.9982826555683992
0.9978181324083667
0.9579609702800439
0.9811907913708032
0.998986094301029
0.9833990243906442
0.9991605233933851
0.9995653859118603
0.9888577109323766
0.982696533551346
0.7664904858558614
0.9994334361880818
0.9945174793607544
0.9867395495832365
0.9966397634952313
0.9394054658559996
0.9957329132222723
0.9949696839743756
0.9968841121366036
0.988046556797473
0.9271808432250218
0.9962218175155568
0.9469240236481157
0.8808359186173864
0.9690404991648424
0.9822137814692121
0.9608273551772156
0.9464346118825682
0.996430885957418
0.9999857027484541
0.9825697137095604
0.9979146687057872
0.9987922235540889
0.939826941370347
0.9861524449377593
0.9736051489311244
0.9848653849396832
0.9748070520663628
0.9978349650606411
0.9944220392570285
0.9992785396376229
0.9999558727251059
0.9956493721907209
0.8901355390301083
0.8977943255324506
0.9991187922009281
0.9979350680132637
0.9961955449754585
0.981688187320455
0.9999999309767659
0.9950107260542321
0.9998932015184128
0.9977248120508043
0.9999764844548018
0.9994766436924253
0.9202071879094745
0.9992324015783517
0.9391428904249943
0.9916462602338728
0.9997839595704886
0.993763412794569
0.9997673696652877
0.9999999272878923
0.9936961832313272
0.9999628304530088
0.990925614488735
0.9999611159023971
0.999436469881493
0.9941748409699597
0.8597076353484954
0.9999175692138251
0.9990061645754499
0.9990164545974041
0.9998203134920625
0.9747367875620612
0.8245904977103056
0.9986509273317551
0.9170058767335044
0.9992219135709917
0.9820210573779083
0.9965096104195108
0.9977459594191629
0.9643620503979462
0.802154773082935
0.9999469936661252
0.9987090561305341
0.9832316977179011
0.9954615335440121
0.9991842950838391
0.5215442438438532
0.9933333416386549
0.8130248960138834
0.999755336330797
0.9992530824626651
0.9997966491221779
0.9945612274922434
0.9999993793333182
0.9999999735591645
0.9987209341879167
0.9829544890460891
0.9997556211453633
0.9771813628496557
0.9912416855147673
0.9982188827512362
0.982411498525849
0.994374504114161
0.9999728326555073
0.9955472340358816
0.9988106824169836
0.977630078688333
0.9998686121088135
0.9982249157410682
0.9874651320497133
0.9869430168698893
0.999999070361242
0.9849581632093586
0.9754948527753038
0.9999548479454977
0.9999496684841176
0.9984853136978288
0.9973209883689582
0.9977851069681638
0.9610285991699359
0.9998828155303842
0.9996380985788074
0.99918957395192
0.878214522427739
0.9967598166353776
0.999742762892999
0.9999731996879896
0.9999911235096026
0.9999769685590547
0.9998641549407854
0.9945301701348719
0.9808187025135315
0.9997342890279945
0.9977838132473454
0.9908779686192348
0.9827665296257541
0.999996137944983
0.9987414834989278
0.9999996940030093
0.9970487819830386
0.9998965691480904
0.9986551118517611
0.984691331095217
0.988262179749295
0.9995014307898538
0.9998525835117795
0.9984809839890462
0.9999953134130066
0.9958234346360463
0.9942489038619897
0.9940498651035802
0.9999500774333471
0.9857452476412841
0.9997595909862294
0.9996703349553072
0.9999973361995522
0.9875755610435643
0.9905502734491701
0.9898920180276938
0.9978224344657086
0.9994767830952701
0.9999995129704502
0.9994712768122217
0.9985628481836185
0.9999757394554352
0.9998149290701984
0.9991454984727377
0.9995697007525206
0.9909415778523665
0.9999755482593996
0.9992363289065715
0.9194145866661012
0.9833661801742006
0.9939630294678606
0.9877218577818995
0.9999861608099626
0.9999348078924154
0.9998959715561052
0.9998802388917558
0.9957731007112963
0.9999878277541169
0.9914955528384962
0.9997385725917131
0.9999918428784824
0.9881657317800117
0.9982442373451401
0.9997396578196752
0.9999868402468101
0.998703423821448
0.9997841736927097
0.99999736817981
0.9918600050769045
0.9727298126986889
0.9999999774440952
0.9925498583599202
0.9869931462809413
0.9999202395148655
0.9959093083223718
0.9997286733465424
0.9999547453789562
0.999905327801484
0.9958894593651143
0.9946093096089527
0.9999999971306031
0.9999943215595108
0.9981784352628449
0.9820458258625586
0.9964457664574423
0.9995263863342665
0.9944586246947661
0.9999630647107827
0.8829535446876862
0.999797731226799
0.9741233337573258
0.9957847412063516
0.9715038873281497
0.9998805933394597
0.9999375504724233
0.9997664970753802
0.9954791756431485
0.9831708470329594
0.9982209882150397
0.9692301643885625
0.999385498585883
0.9979895059235953
0.9996259850033062
0.9806607823704102
0.9738695019787661
0.97188765620997
0.9970276591996466
0.9913483678321197
0.9501369452315637
0.9932964737062829
0.9999285819672006
0.9999987530718842
0.9999965554692186
0.9999940479985796
0.9999563210324562
0.9998970989150388
0.9998724188344893
0.9894359800365246
0.9192728955759142
0.9999468942893116
0.9908590454559429
0.9978452757749201
0.9985208333238859
0.9999813142712354
0.9900511783431973
0.9999959231842193
0.9804194834221113
0.9994964875121285
0.9977878870536385
0.9998008617931834
0.9960766551119118
0.991792922918713
0.9905466808409537
0.9892246499405942
0.9995640588824433
0.9999377233583593
0.9999319892592039
0.9915008662164404
0.9971780569283882
0.9963020144623882
0.9689098552112684
0.9960340329083043
0.9999952882912976
0.994502308505529
0.999014265549451
0.9999935547502278
0.9877316629293295
0.9999999997877103
0.999960922942574
0.9971496800176194
0.9974400204693636
0.9256802081002783
0.9851922185341915
0.8883287058765693
0.9734113386716499
0.9998712258434531
0.9667016603416828
0.9655403163158907
0.9953809417369995
0.9999563433593365
0.9999971050566455
0.9849884094276677
0.9999891756655624
0.9999990465575475
0.9994742497581571
0.9996181757434717
0.996594294557763
0.9990671120743988
0.9814015938143527
0.9999965521111381
0.9999950780399093
0.9999416424996909
0.944044713287371
0.9993481634870324
0.9979484121566611
0.9998267210459431
0.924546139605779
0.9911717827769901
0.9688322844303051
0.9897157262504344
0.9999993869998972
0.9999999776252658
0.977450161452713
0.9539393827868071
0.9944780785932943
0.9906891567284096
0.9990215712053115
0.9899349064716673
0.9947812651666987
0.9993001881128729
0.9999958120923877
0.9835282526005242
0.9995843400758754
0.9991269691021172
0.9999175497429329
0.9944687531714004
0.9822379780721043
0.9998660460086788
0.9972183558615786
0.997820578273819
0.978683473673723
0.9999999331845462
0.9989692961479606
0.9999970909684431
0.9998147900409935
0.9968160833761218
0.985647020325487
0.9977585664634582
0.9367638432526795
0.9998721702358858
0.9999895463573832
0.9998700250773177
0.968016440111319
0.9923324427190413
0.9999921878000666
0.9999096213057675
0.9662635521119136
0.9965656474886988
0.9999981841553461
0.9999036102359219
0.9996487526484266
0.9949474430545188
0.9824415347228757
0.9979079640278726
0.9967207640626243
0.9999757489316087
0.997276692598846
0.9999906736002041
0.9695772048785568
0.9999987418687187
0.9803691371366002
0.9912137099287579
0.9974904185966044
0.9999999317952024
0.9931243890960711
0.9589619920829558
0.9999999726814449
0.9691704961981287
0.9978376247024191
0.9391860849401485
0.9921208810997014
0.9885325459696135
0.9992553829617539
0.9998426031252663
0.9910197670461051
0.9997703651022074
0.9971614077173606
0.9999997303130342
0.9998236837811024
0.999962986007035
0.9937405005232455
0.9992722945628587
0.9999534373197051
0.9998581288544586
0.9999985285958634
0.9959369114446032
0.999809842432037
0.9041723889130698
0.9998099994242862
0.9957382693558635
0.999549629733499
0.9944843723214495
0.9995386162447365
0.9995812430378017
0.9998572326634395
0.9997645685290001
0.9999977495616922
0.9999690595844518
0.9999746819863481
0.9998301022670187
0.99911295965175
0.9998187323539154
0.997929236145498
0.9999654573287896
0.9999914897487798
0.9782871723615353
0.9994924009975584
0.998687538742298
0.9997704686869535
0.999984450840331
0.9991185971679506
0.997450193603681
0.995917287867574
0.9942182340345106
0.9608947228005218
0.999981248980084
0.999859449884154
0.9973423557659915
0.9999990508793728
0.9987525665699376
0.9960708238578546
0.9999903477278353
0.9987610966902657
0.9940337129117636
0.8391351304783488
0.9999975196572267
0.9999869717962996
0.9998959221095632
0.9999993215452858
0.9917907914077285
0.9998446660806616
0.9980281321333448
0.9679624705155497
0.997595636115506
0.9952078166494256
0.9999547294863859
0.9948511621849091
0.9999997939703653
0.9999413369534028
0.9274849242302314
0.9964724734070438
0.9613848571475277
0.9867452896384434
0.9999988961261452
0.9997443590078147
0.9976722274069832
0.9871767273972761
0.999696978259974
0.9914971744076059
0.9999974463335435
0.9550177207223858
0.9937065256183898
0.9980119500932655
0.9970334160468307
0.9949136285869449
0.9987540260644273
0.998888085559081
0.9976641078441228
0.981994875283326
0.8498942274795505
0.9938344877402987
0.9712797661397597
0.9797524277555227
0.9444975444331515
0.9999805438413955
0.9999952482817543
0.9865198213162248
0.9932578394315292
0.987979625305319
0.9975888690047242
0.9999856774851857
0.9999579795115993
0.9999859612625829
0.9538886559254208
0.9925932744296926
0.9981861142940428
0.9979476866040375
0.7257991646263001
0.979281556013145
0.9746861701201066
0.9888267898860199
0.9608771800191357
0.9999929396092484
0.9676294690265053
0.999007955728262
0.9955389241931799
0.99352494177818
0.9999510511824043
0.9999708280913779
0.999999998326699
0.9982417379938414
0.9980012245231049
0.9423487709259617
0.9997225050449619
0.9845133158072112
0.9738305367559084
0.9993761545022769
0.9681902812939654
0.9986680236222444
0.9832159705142086
0.998703015313715
0.9999821981066056
0.9929087684637463
0.9991082512815734
0.9947136192321484
0.988592563119839
0.9925395610573784
0.9760093014945899
0.9999840730529582
0.9800355122651089
0.9990972248326143
0.9828274860588135
0.7982010878776432
0.9974132710819892
0.9805961965981925
0.9987869350629063
0.9854624249196876
0.9999712298790535
0.9999367139725047
0.9957515465009359
0.9979015788070889
0.9950301320565402
0.7723347387655047
0.9111524616031518
0.9995981822853948
0.9999984871649766
0.9998455132202645
0.9981323309790727
0.9923800362517872
0.9999876928884386
0.963982435229962
0.6962075658450175
0.9966143920909679
0.9899605014408133
0.8641320059166258
0.9980799336752428
0.9999070536767752
0.7782640526684014
0.9645218964107534
0.9918105201224225
0.9999889512408792
0.9973178983214461
0.9990768625990329
0.9645756325792508
0.9723836465439859
0.9951552633367883
0.9946890893157889
0.9962913012976957
0.9823843634580878
0.9955026849920304
0.961771985651214
0.9952328016555959
0.9995973943362736
0.9854535105188835
0.9804026314545202
0.9921924735902085
0.9711543435617106
0.9715860066514912
0.9872448824108006
0.8294816062762614
0.9939875183302125
0.9994060976859153
0.938955660621872
0.9999710629075003
0.9991858415735497
0.9574714260567292
0.9995604051196174
0.9905390962789515
0.9951567404517095
0.9958846612659437
0.9932428169494185
0.9983234264438662
0.9991387964866894
0.997778373115027
0.9912383973175493
0.9801442406732553
0.9940489192988523
0.996309077911372
0.9939211956638486
0.9775551933796955
0.9664614554991748
0.9989798156130355
0.9988710687735592
0.9949168108060484
0.9887121508057358
0.9860340689170147
0.9885940701570963
0.9820076298865751
0.9992970474696585
0.9886393833015322
0.9962436996466705
0.9787093958909497
0.835625642977148
0.9901060656124847
0.9924709690760735
0.9991931704150173
0.9958972343059846
0.9991817506904426
0.9809879166701948
0.9996184743413163
0.9959271861556617
0.9996378475195966
0.9999550115888519
0.9111873127048259
0.9877237419342533
0.9998792631690472
0.9827328219018755
0.9575316395015314
0.9999575468474635
0.9592665634486638
0.9773411251302515
0.9907273999764651
0.9967866594311272
0.991668688426458
0.8330170332166863
0.9954062098984899
0.9998040654324079
0.9196000450093896
0.9994639652828438
0.9998087273589528
0.9805683281539216
0.9999773656110696
0.9821141752695809
0.9991877038774609
0.9993462146443657
0.9056669665239859
0.9919064680172662
0.9963779310874497
0.9999945840488681
0.9812958367249741
0.9940737709125963
0.9998425687104298
0.9991691391740765
0.9992616683430333
0.9944569767214635
0.9813834143773514
0.9985895131846955
0.9743597047788266
0.9911893949485352
0.9993440423671877
0.9999860717304968
0.9999695210036037
0.9985789490997855
0.9661310065510529
0.9656165666280416
0.9793477057723672
0.8359526903272746
0.9878870922901793
0.9999482050181938
0.9742605749937319
0.9896480578343181
0.9987456654202432
0.9720388075871984
0.9682656420977963
0.9982723055025574
0.9999624951340849
0.9966013321121778
0.8807505018006127
0.9931883517517328
0.9691276181808363
0.9999217666320387
0.999165350027753
0.9994188694490304
0.970725760204995
0.8732882671636518
0.9999329392670082
0.9914710413698807
0.9958581456255995
0.9714967306739235
0.8936188995526649
0.9995218608000328
0.9978942810697253
0.9945136642643029
0.9967825937008552
0.9963167311252669
0.9847231072563684
0.9925965375143337
0.9999134286904355
0.9967872276406742
0.9919557127410447
0.9998991351514721
0.9997759593568696
0.9530240985920516
0.5501433824977123
0.9999522216290998
0.9928951475020773
0.9902404503060129
0.9993454946736721
0.9791003410795447
0.9861280124685694
0.9308313526846673
0.9999999808280177
0.9999365022547868
0.9999899959926631
0.9990935106233644
0.9925573645192248
0.9941908527435616
0.9995743846742315
0.970612125481767
0.973694359932588
0.9902427568923119
0.9997924618241889
0.9795240813633126
0.999925722287269
0.9999349645523964
0.9999770835840076
0.9999313834287519
0.9997874669192451
0.9998709906434963
0.9965990212015426
0.9999616533540517
0.9276043431408902
0.977028514831197
0.9984866418371142
0.9857014201213289
0.999999668272919
0.9965289600640924
0.9999975009244633
0.9848673655793904
0.9995760014722914
0.9999964411792854
0.9950744741942738
0.9998580001636502
0.996591477848594
0.9962777972885576
0.9989231711778642
0.993436570694176
0.972616122451464
0.9716127137766879
0.9948478702576415
0.9961463294001245
0.9088484007096207
0.9995574064098617
0.9959978886098205
0.9956406636832289
0.9885480365233773
0.9973810303647213
0.9554746192995892
0.9703170267464202
0.9825994504931082
0.999079171168955
0.9305967444121027
0.9980214727843528
0.9978658855039366
0.994549310784139
0.9999936651293926
0.999840823856076
0.9936508272055269
0.9921115209792385
0.999944662511736
0.9994473576699912
0.8406056730654773
0.9991182833455632
0.999795971068118
0.9986888398288546
0.8513512314666636
0.9997188173017488
0.9969624381308295
0.5207537822490016
0.9999735340123437
0.9956770533539518
0.9980263299073938
0.9999736844010805
0.9856464471834601
0.8966272366627951
0.9999144282720932
0.9998897794254147
0.9998202961786844
0.9999543901028077
0.873194358486519
0.8686625546329062
0.5346381428734236
0.9764344612660445
0.9988540076036831
0.999284863646466
0.9264834351184071
0.9994919981357141
0.9997546500841276
0.9757215675293898
0.999445807156221
0.9985731102743701
0.9999028739593859
0.9581554615590758
0.9581349909789796
0.9869770314446592
0.9905856370002725
0.9924359341512288
0.9942321230630163
0.9962836393989032
0.9978659798088528
0.9790502520005547
0.9984658964492198
0.9915516538046812
0.9909155996649328
0.9989796056877152
0.9989713988891171
0.995879673547713
0.9819072949689713
0.9861242793346566
0.9989692724688504
0.990371123499661
0.9995505953510788
0.9471510600251372
0.6030101203487338
0.9391662507311628
0.9998963359721322
0.9822483579941426
0.9905921672152982
0.9992609803830379
0.9980769141899635
0.9968421158833402
0.9891337265695098
0.9891612668474987
0.9894218952842506
0.982546353896553
0.999964502976122
0.9999822363459508
0.9999690119014487
0.9994653200661097
0.9999989033424587
0.6201094048602636
0.9992556479073424
0.9945203054378826
0.9999665460445307
0.9999917520476728
0.9291502906666834
0.9946062487756518
0.9998769871829775
0.9979932129677247
0.657665777639997
0.9873213043728017
0.9998694900603338
0.9999999104778772
0.9947361800878031
0.9968721566899839
0.9904818806748276
0.9999999907218354
0.9667496402047248
0.9999996429058079
0.9999713147467035
0.9999896973407868
0.9997726763187716
0.9999955722164781
0.9999999629942884
0.9999363069271704
0.9957130549110188
0.8533136179919479
0.9999869761028075
0.9899974529161728
0.9439663697996018
0.9934778239667447
0.9733298821361998
0.9855786331570511
0.9998017083556294
0.990691810689741
0.9857757087862256
0.93565064614035
0.9999793924521988
0.8346373977652097
0.9999999994992461
0.9902114665379845
0.9889053314848864
0.9902013201033592
0.99207897067166
0.9848710673724789
0.9524410190456134
0.635355861315945
0.9706318595665044
0.990823074644551
0.9890171047919456
0.9986772168870789
0.9925674161659765
0.9723354842689614
0.9985878089250517
0.9990968833501888
0.9999812467209689
0.9956303637827092
0.9806890424712837
0.8207929974643974
0.9970777183804604
0.995527017978322
0.9969602785534749
0.9672988907899371
0.991051079918093
0.9419807034061805
0.9996634502150993
0.9985764774821974
0.9116116881537822
0.911244539349262
0.9731519900720685
0.9972941510357762
0.9999983398768797
0.9977677818902311
0.9917334512709188
0.9935022867773278
0.9886616378339451
0.9132051087219427
0.9976171430822212
0.9790739615276102
0.9983318413187353
0.9593545661964457
0.9822769114821442
0.9996416919863181
0.9918958269599739
0.995380732000325
0.9995716061847238
0.9811377721106886
0.9405200923168912
0.9929318893068422
0.9762725425711017
0.9924159394831981
0.9948228549468332
0.9976034524576302
0.9926189987906179
0.9973602013954894
0.9726935355374835
0.9992278062965358
0.991429109107702
0.9751500651574552
0.9554087972082916
0.9993635923465671
0.9985113887377071
0.9977757063666585
0.9985158993951915
0.9982178025590428
0.9993582931970574
0.9964433534140898
0.9841911924590022
0.9981963905688039
0.9934948935625049
0.9994840248990168
0.9797979953906966
0.9926214993220169
0.983341641401091
0.9957693597777043
0.9871374209007692
0.9997367974264121
0.9539564178680537
0.9792285712393086
0.9980835242779779
0.9971968380219821
0.9842586181095111
0.9963327050939684
0.9692744161185923
0.9950057587515374
0.9946109762653521
0.9322289858408679
0.9592137526217717
0.9731646376569054
0.9136661658254813
0.9923188732821779
0.9919083449337811
0.9772495649683589
0.9987354939495408
0.836157624212989
0.9963788302245387
0.9685064906353353
0.980456717192929
0.96192570471704
0.9861366129576391
0.9999759935510926
0.6249549189287944
0.9999999990362265
0.9779760021745201
0.9981110182425184
0.9920040055656645
0.999254097270848
0.9619206523748957
0.9751054373732094
0.9951633295184336
0.9999228036572341
0.9988659293018733
0.9324619176704703
0.8482899683084049
0.9999861490145495
0.9959677343353494
0.9999607874851245
0.9996247089866546
0.9913712576803421
0.9966816303372539
0.9997147707828898
0.9999998547526894
0.9995346690110355
0.996614531886101
0.9665211753478318
0.9983232390980447
0.9909028864195504
0.880589393797768
0.9923098379512326
0.9901090397330936
0.9999854274032998
0.9991140157507353
0.9952274584613047
0.9920687004455093
0.9428389526777917
0.9979649750856703
0.9931228779271566
0.9979294850135543
0.9859789380195257
0.9859741575074055
0.9986379721252087
0.9915032031580147
0.9877721164956559
0.9507157484402147
0.9999701771990973
0.9999856078720268
0.9999889155459712
0.9960586195044384
0.9999593375888962
0.9978882869865696
0.9859844806494339
0.9999948460774534
0.9987869940270083
0.9972576727070295
0.9999990936334345
0.9859977234701746
0.9829663178793137
0.9953629389451273
0.9975418268817059
0.9997744127766858
0.9997692227026095
0.9983801732683031
0.9992755143428543
0.9760088657649242
0.9942160519662774
0.9898494278545287
0.9360051037771215
0.9945406698343727
0.846359714136202
0.982480122485182
0.8427007086156825
0.9958633891519412
0.9998224185047658
0.9973469720621813
0.9900231670297103
0.9822158772673342
0.9987968508012988
0.9951929334769519
0.9963904791972593
0.9999985137961044
0.9996075394694286
0.9942727459946922
0.9999699527333095
0.9953431271820393
0.999880340195734
0.9999851485954218
0.9746231278778514
0.9990990366274695
0.9185329541615663
0.9997636476582951
0.9412039322470924
0.9981897058218159
0.9997604297428953
0.9999951878954126
0.9997553577505023
0.9932384911748826
0.9964422875683158
0.9522770657497194
0.990184102119564
0.9999563228376019
0.9999999999057114
0.9999536648992425
0.9973303741323403
0.9999937894366693
0.9996969200308601
0.9999981754851452
0.920945002851558
0.9528305727816151
0.9807629231006351
0.9876082565220644
0.9954674777845701
0.865919013314192
0.997164290186843
0.9482513024463043
0.9737113479164177
0.999978819766344
0.9994636993449536
0.7792693626263087
0.9637064003838363
0.8273022742462911
0.9997238926291895
0.9999949201669992
0.9999962069037118
0.9999925059276447
0.9999797769624852
0.9755069511861777
0.999847548510231
0.9983910835710537
0.9855272598274272
0.9078027256789695
0.9916976414921567
0.9855805111279812
0.9296830428255862
0.9454113919357965
0.9953450799377989
0.9910013451096966
0.7900306811670161
0.9841784662844187
0.9968105960707745
0.9969694697325647
0.9999980009075418
0.9999847168531882
0.999716070047633
0.9999966674552222
0.9993543277659148
0.9953685835881657
0.9990602102995392
0.9996880683790349
0.9994529655895403
0.9964537429308836
0.9917894833519647
0.9996599525510756
0.9999527848210826
0.9891350880710996
0.9982485778525305
0.9999617374682965
0.9778215617787508
0.9936756364270122
0.999999999978654
0.9999948099753913
0.9994281460933787
0.9882626091442699
0.9999223437798348
0.9877334786161782
0.9999741306340072
0.9999997530176231
0.9999931572638127
0.9981481463417243
0.9999999835215077
0.999516365855616
0.9997406139879895
0.9995323954956291
0.9992005126388901
0.9987360047899753
0.9995365111149175
0.9486297265021991
0.9968530925640491
0.9951675538868141
0.9844278180205188
0.989044552611524
0.9800841858046765
0.9905524544771491
0.9979318702841464
0.98198008029456
0.9996955663464563
0.9983814770126527
0.9979183852103762
0.9828496736173764
0.9987403772483127
0.9906109079421799
0.9994774257429453
0.9991944034115376
0.9972127063500551
0.9275376292954748
0.9999335861353917
0.9999478307817785
0.9888593621335657
0.9999363890958225
0.9026863098521785
0.9986912775668236
0.9987681161398806
0.9885608688031281
0.9784494334472271
0.9987720309823613
0.9390194707367032
0.9993525114982575
0.9939224194917885
0.9998964371349629
0.9999095192947923
0.9871380178829205
0.99927767643706
0.9963904080829614
0.9582378875007568
0.9615379892624235
0.9733278761282838
0.9999811769914175
0.997112018871795
0.9693170375734613
0.9966867740920274
0.9921651600380795
0.9996490731816269
0.9999999672998003
0.9999576375272536
0.9999411608918302
0.9963701342054261
0.9989539193505944
0.9681516190980964
0.9995022341930841
0.9954086625657361
0.9995067917429645
0.9940409179948674
0.9999489639850767
0.9988548775926418
0.9983469457431419
0.9996668124385032
0.9996181139988778
0.9999990029719166
0.9982109221888132
0.9997250669954196
0.9881015189119503
0.9915309570344306
0.974466493503368
0.9999749398544197
0.9999985882422344
0.9934222928927352
0.9978311829418571
0.9999802412490502
0.9995682421065447
0.9961748204192532
0.9684294659277336
0.9999945115884354
0.9947322176130656
0.9957560241645731
0.999999282681535
0.9965510558742389
0.9999999414698656
0.8660331737908143
0.9999999986608266
0.9987428874782686
0.9997997882921655
0.9996076852400139
0.9829289995217872
0.996678336733507
0.9985793634082754
0.9999962187116679
0.98736004320776
0.8447510841584973
0.9878696768565707
0.9897996667802591
0.9970132117196168
0.9977133848729623
0.9999999973949869
0.9174540074290268
0.9845444406077475
0.9996633387979482
0.9972700934333131
0.9998855900374717
0.9994080428561893
0.9938070788844996
0.9999755327668977
0.9999983520537615
0.997202217937784
0.9899346139162218
0.9898454803965258
0.9905137932432999
0.9821353070740729
0.9614135624738765
0.993268582705019
0.999999988512131
0.9838199292103681
0.9999796203470935
0.999106078235386
0.9934197313539426
0.9941749260698756
0.936181853584894
0.9999620517123835
0.9976254652403542
0.9997879811093204
0.9997662906068954
0.9999602102042235
0.9964530537093823
0.9999894539402117
0.999940970419393
0.9999754104090018
0.9866073402742308
0.9747013861302519
0.9997236678968825
0.7539740751338879
0.995617416832761
0.9999692959826225
0.9925772484316564
0.9999998107081493
0.9863801276280425
0.999982390858364
0.9743378696574423
0.9950911164824102
0.9973934181539776
0.9382434472465145
0.9531269848931231
0.9344967974427915
0.9436174285654594
0.9997884176300486
0.9999074836967964
0.9998358113237953
0.9994785925136853
0.9999928924389159
0.9999489617091436
0.9795469177775233
0.9999777271528385
0.9922467682631162
0.9998016720216838
0.9866252899532033
0.9721060016704959
0.9999999184564818
0.9999684973222461
0.9995603980113091
0.9999993915495203
0.9999999429753818
0.9884162028895543
0.9878497992061895
0.9985523638094683
0.9889613430370922
0.9999999644215926
0.9941388985876476
0.999989603774446
0.9042216035983026
0.9999902433192219
0.998479359791541
0.9942199591540664
0.9998296619313047
0.9982405453053614
0.9999933328220758
0.9940053927389745
0.9591157560517517
0.9966551414273805
0.9873584119298027
0.9999820364855492
0.9916278769960715
0.9999995287689825
0.9999996006731335
0.9774515662073681
0.9998468075725081
0.9934241032430998
0.9999999762808284
0.9999993689470045
0.9988025643829608
0.9999815639331351
0.9999979292509086
0.999886420201067
0.996543573890216
0.9999903818218254
0.9999975130709768
0.9999986802455705
0.9993607865783358
0.9999362097694185
0.9799991473283814
0.9999909542027592
0.9883581644061864
0.9999800911330913
0.9971510340883543
0.9999836681110071
0.9961216979193768
0.9999998055333935
0.9999679565662262
0.99996480194244
0.9995457485209208
0.9999959620360883
0.9999980090298648
0.9952612013350783
0.9999831216655757
0.9280028133176982
0.9979340775553224
0.9993978203419662
0.9876465503096991
0.9972561084396795
0.9932927857683174
0.9968557948699002
0.9990235243182474
0.9999360699032075
0.9845673158040827
0.9999997104728785
0.9992733185408822
0.9990600930859278
0.9999990339977193
0.9999873335279247
0.9894548456524332
0.9999993592775651
0.9314345390922809
0.9914169437046091
0.9882822263109201
0.9985648146297895
0.9911552043844997
0.9953988176293834
0.9995454033556026
0.998547654139295
0.9974685623115358
0.9995144413633926
0.9634284312735204
0.9998680967653982
0.9998760791422869
0.9963471946597646
0.9067442311389663
0.9998774849889714
0.999996128118273
0.9989435090802223
0.9999679839887308
0.978012709150847
0.9999624985607501
0.9993514233726167
0.9798761939133892
0.9999936200731044
0.9998137918783883
0.9795321565799042
0.9997055932074502
0.6757798074474912
0.9905928884977058
0.9988767434173351
0.9960744609733418
0.9994815167015738
0.9996601630868481
0.6853211838867223
0.9983297387046688
0.97224992132194
0.9999464709443131
0.996973120587033
0.9998327554923586
0.9999990696067015
0.9959629918948453
0.9976404291826398
0.9678065309311976
0.9999483533202393
0.9937506776976343
0.9995622055030199
0.9939458718707584
0.9967682679371702
0.9883219003766274
0.9995961988927762
0.9999893454677238
0.9533153636087454
0.9595096269731433
0.9012735902673834
0.9976650802642034
0.9991576004292217
0.9989362933181354
0.9812637684013106
0.9435193932394865
0.9999999784253462
0.9999998615782385
0.9921107567562591
0.9429939999696219
0.9999352425659014
0.9999974385824454
0.9999629484221202
0.9953500111599904
0.9923377352449405
0.9521316544787004
0.9846205384592956
0.9032411924116261
0.9253145392545739
0.9999004594934034
0.9764773925102616
0.9999736262520602
0.9950891419164847
0.9154796638206715
0.9999895551484279
0.9999883126269162
0.9968594611236853
0.9954120514817968
0.9871365147999074
0.9534024854246699
0.9999986310530409
0.9982846053115337
0.9993396259246777
0.9984548050597675
0.9976615712066249
0.9996571120467813
0.9991689937358363
0.9990539975303923
0.7803339794978806
0.9990878617603186
0.9999738558604503
0.9997695784956121
0.9966400533156706
0.9779803233222398
0.9612944052400463
0.9881925709432401
0.9991493232446704
0.8016170429826961
0.9962260057334295
0.9953271624999765
0.9263423282317078
0.9999258395774538
0.9999441815727018
0.9985999929677184
0.8466908041874984
0.9996567316393408
0.9845097897439169
0.9998723921253253
0.9996576198008611
0.9844843102549103
0.9927743546588329
0.9955160367364865
0.9797246601019816
0.9855544202643002
0.9999956517873662
0.9963203251789321
0.999953315736018
0.9706917915769949
0.9976558525148108
0.9876915542890913
0.9675269729957623
0.9994884377135392
0.9727007489578094
0.9690699017112867
0.9366265927279221
0.970993032867062
0.9943356776025041
0.9925898784018946
0.9968147297696668
0.9770387677149952
0.9846513192884773
0.9981101305237577
0.9243410784259809
0.9999945040373875
0.9994680157929654
0.9971222738384053
0.9997034103658601
0.9999943521992389
0.9424893739053186
0.9925121277664096
0.9720245843061613
0.9912035459411199
0.9799067229367832
0.9686567916572706
0.9989920322841335
0.9994969020787408
0.9999989022382427
0.9532225996690888
0.9940319186047524
0.9999932553930997
0.9302377222790688
0.999729136076883
0.9965109169692274
0.9944366341494334
0.9971687067517103
0.9999915452173174
0.9909182420156216
0.9740184675635305
0.9983348937006961
0.9886581260377313
0.9769131252311157
0.9958296844026673
0.9934823516834536
0.9996209700634544
0.9939637867110285
0.999790858708831
0.9982251298621044
0.9283919026837012
0.9654563883903277
0.9708984668999314
0.9975022297184224
0.9952785387453484
0.9991641397671583
0.9848634282995204
0.9959398098369961
0.9993905107483326
0.998758887771268
0.9987191105256887
0.9999996792453777
0.9912145604457047
0.9995881918065223
0.9523306166990109
0.9999769941818327
0.983901535690734
0.9993999984373563
0.8861756932758003
0.8366326798963866
0.95820885404045
0.6889190238272114
0.9968458852019513
0.9970655733541804
0.9113410400443712
0.7453888838092861
0.7474698283724582
0.9140993812982336
0.9995498071798135
0.9999474590605247
0.9941890081523277
0.9991116016003846
0.9846545839516712
0.9993649400540897
0.995069873509067
0.9997054325304596
0.9813601728627781
0.9999899916209248
0.9981251803790904
0.9918570749756064
0.9753034622297454
0.9999757027458944
0.9928126845963282
0.9700302115184345
0.9032775550657548
0.9997645325334313
0.9999962166429879
0.9593008345138013
0.9160018916468836
0.9981158755279521
0.9999789596201069
0.9982977687457283
0.9987771321626429
0.999030243010028
0.9999970337236227
0.9998181717653535
0.9864717985364275
0.9899910913501863
0.9999706958339871
0.9923502992954416
0.9999979761009087
0.9992055740491622
0.9997881747567942
0.9999294213937746
0.9946841618610334
0.9828707437730754
0.9868286961195982
0.9728775360856049
0.9937830730690291
0.9762374359826961
0.9810515843874388
0.9343255486698401
0.9592215523325808
0.9999799938299515
0.9998494991042909
0.9999088910381987
0.9997619854717256
0.9705907956796271
0.999998742100076
0.999990008772989
0.9982397399985707
0.9784752929620464
0.9999999793008547
0.979022951861421
0.9711695894608099
0.9855409695509063
0.9495006597420613
0.9790503058846574
0.9998540319406434
0.9995247399736772
0.9998235807979615
0.999996159145238
0.9981499142888318
0.9998632200331454
0.9116836327529148
0.9982890435346304
0.9998215858494396
0.9948044242227693
0.9999973637255801
0.9925873880588401
0.9999953381544681
0.9981034798699979
0.8536209411493062
0.7730309058556808
0.9008245231044656
0.9794545405086986
0.9999807221309875
0.9999147122315771
0.9999489405796793
0.9966302614481377
0.7901041027824265
0.9974291664872128
0.9999985564190874
0.9997814753743678
0.9998832840940126
0.9998928969456574
0.9776902536468406
0.9815986495322501
0.9986746545749363
0.9033922869715479
0.9972116322970536
0.9999359527800746
0.9976874977778641
0.9999000382502012
0.9929910259399799
0.9993368206507652
0.9998031962128117
0.9995066883376045
0.9928450350337205
0.9996917175209347
0.9999765686217863
0.9999928011701363
0.9980396582755443
0.9942370777978013
0.9826484991417392
0.999918269232749
0.9925528568675221
0.9914590516485657
0.9959587210380919
0.995523731138792
0.9999946847925179
0.9819137808670918
0.9969632792436451
0.9997205834258739
0.9989837811183977
0.7782871620719889
0.9998880176805345
0.9945707311014429
0.9942750017670335
0.998464661160345
0.9985485012419238
0.99999997890001
0.9843277326886108
0.9233379480775725
0.9998337106863591
0.989915729222509
0.9982569788389475
0.9972483755661966
0.999955358965045
0.9505254562669806
0.9989786278727608
0.9706173493191523
0.999867344937465
0.9977316200046344
0.9564375333482744
0.9981931036196181
0.9463764956041739
0.999604050323272
0.9874827919682935
0.9992783719958289
0.9967151433516086
0.9470968563522663
0.9998229657092049
0.99829770483548
0.999841166766059
0.9972296718186179
0.9998784870832716
0.9554299034176195
0.9745244835904954
0.9990511877645151
0.9995667562247313
0.9999952294945722
0.9865258131075597
0.9999995444038106
0.9969459135702127
0.9939098802095025
0.9879819975118265
0.9940547466426282
0.9949279269695305
0.9999991723815302
0.999804826146602
0.9999932399615202
0.9976423554979504
0.952150523830008
0.9993631348753554
0.9807762521283956
0.8612730892981264
0.9999919304409608
0.9319067791185301
0.9999839000679658
0.9308872091975023
0.9986115114214034
0.9912490787758553
0.9999847226144415
0.9822283216091925
0.5327815532224648
0.9999495071400082
0.9969431425635232
0.99870492306436
0.9982143531815226
0.9264114396196063
0.9999404395985344
0.9946600425908383
0.9869782973190028
0.9786503652759421
0.9957250239568688
0.9960075946975739
0.9999927414614693
0.992566197487992
0.999895651146798
0.69799440346151
0.9945846502059822
0.9820582766856005
0.9985065790624613
0.9995217015921228
0.9914332316828277
0.9994612022566117
0.9944171337205909
0.9968706470505028
0.6249715394616138
0.9992990008031489
0.9799231138393484
0.9999947323369132
0.9979093668030946
0.9999991871849928
0.9961449731462204
0.9999483366429693
0.9978901599683946
0.9949626426118608
0.9866536674350362
0.5571468468766392
0.841941113074677
0.5923502700482037
0.9792786734803621
0.9999986613018614
0.9689366583104837
0.9786293094307844
0.9967899812379045
0.9740822651417722
0.9998723026617011
0.990077974081945
0.9999975213665008
0.9999490550823629
0.9999677231034988
0.9508560609964551
0.9994137176242963
0.9168820706372172
0.99838525046907
0.9448766009343239
0.9728446583244325
0.999124162517487
0.9780601607208388
0.8414125047524592
0.9664659580424224
0.999146303946138
0.9996599772156173
0.9986522139810315
0.9966724173515368
0.9972189096376514
0.9653345299625633
0.9288170523327031
0.9986162978151969
0.9940952434706356
0.9963306197653274
0.9998541731829768
0.996535121680521
0.9910118216516404
0.9982207710807036
0.9979404967618309
0.9949969782799158
0.9773905098124214
0.9991672420326038
0.9974871988453913
0.9984936373977269
0.9979584473573196
0.9893216739303313
0.997860970707129
0.9968128713990498
0.9980023953062124
0.9728535764314604
0.9472723770165211
0.993453906647572
0.9898667702108926
0.9530847866140079
0.9834783415175791
0.9975069459094079
0.985692089018306
0.9724609963011269
0.9759576782606036
0.9911132548573561
0.9853033434313453
0.9261198312074808
0.997789400855741
0.9947777492131936
0.9522205145313384
0.9929042757792764
0.9853429203581715
0.9797201092353606
0.9972100893716
0.9941396021334719
0.9940536372681953
0.9537089267855581
0.9844285590024773
0.9866105935218691
0.9853650576304414
0.9949882719781421
0.9809349645046396
0.9981519469400163
0.9752457667635325
0.9776083649433069
0.6263424563747713
0.9972816307159995
0.9892395064453868
0.9922409705965798
0.9620707332026356
0.9878318425146709
0.9896758796455173
0.967706997206161
0.9481138870850597
0.9896953900381287
0.9976859612780985
0.9184073363108346
0.9644333391930241
0.9751727400310701
0.9999308863746109
0.9999542297083694
0.9877664417839447
0.9984305461688807
0.9983653158139986
0.9986558648022466
0.9971592620048433
0.6192149887015751
0.9382188237115242
0.9740645554962944
0.6585833119532627
0.9355250097021625
0.9999963891083333
0.9999858327354519
0.9998431904569179
0.9947099475813571
0.9981144206784114
0.9977257981214248
0.9492064736990785
0.985848642196232
0.9574761729989333
0.9822231840220423
0.9999984086735699
0.9935972416928731
0.9777636329718199
0.9791887292054997
0.9954731721754739
0.9999844567834663
0.9999999711833899
0.9983630155829684
0.9946875909792169
0.9974623164388495
0.9970257828889818
0.9999167339934499
0.9992906521251858
0.9993953557235171
0.9971629710078892
0.999946668912945
0.9999564835156364
0.9999853452429457
0.8034572597299385
0.9996353052887543
0.9763725491633668
0.9733105573918469
0.9980637493933714
0.9774398677082533
0.9999991767586474
0.9934522109536505
0.998818425925979
0.8777503569441041
0.9984022813753461
0.9815832423081456
0.9991792123741422
0.9969040836729538
0.9989417075477437
0.9999400408128946
0.9914241920802597
0.9998999732841943
0.994977572582308
0.999999990653175
0.9999710881029429
0.893332680317429
0.9954203186696194
0.9886371395841609
0.9999996380931826
0.9073773270668122
0.9801048718768833
0.9981130340430076
0.9997307804317774
0.8767818536330514
0.9999984686376447
0.991167095111642
0.9934777277201254
0.9964575215307652
0.9999939487551239
0.998296602469956
0.9996887769322116
0.9826832704281889
0.8277072479499136
0.9999562651692372
0.9947684447771312
0.9929272230717691
0.9704056108700252
0.9979175007366432
0.9925818151344064
0.9913558466877728
0.9997689303324478
0.9999996866000441
0.9985361127850374
0.9999537225734315
0.9988012997779889
0.9757589556219433
0.9999284342729194
0.9999185248186119
0.999938721875603
0.9999971668932188
0.9999999738440257
0.9999987739497336
0.9883645311498315
0.9998072997725704
0.9999999898496078
0.9999944957779523
0.9913345005567625
0.9937216918717261
0.999997841899134
0.9878071797837181
0.9999837162469837
0.9954139369060929
0.8941527050040378
0.999056264616975
0.9999990608368504
0.9960044121033654
0.9976819399064223
0.9900938135415447
0.9987928754835169
0.9814141789279645
0.9930101529590047
0.9999930953053101
0.9998631428438748
0.9999962169187405
0.9999979406542706
0.9999988271457974
0.9723764749599693
0.9999956192864993
0.9984343570901377
0.9999244126675264
0.9881439534485501
0.9889782969613087
0.987975760010399
0.9973955900273527
0.9999996520902574
0.992019061741976
0.9990288692369926
0.9999924220293381
0.9999009304095816
0.9984482777898132
0.9993463935507599
0.942958084868955
0.9999948638592046
0.9783091843365606
0.9999754356989867
0.99999875493158
0.9938409189882345
0.9998830619650575
0.9989133071955648
0.9998454198631068
0.9999877537938378
0.9999869718470183
0.999997508373179
0.9989346806311032
0.997646193642591
0.999997242556127
0.9998840507828392
0.9830132525805417
0.9994828196434595
0.9275242735873666
0.9999921792432337
0.960097491600206
0.9995704414639552
0.9910613822027748
0.9998243166160281
0.9999911990256032
0.9690667928744637
0.9946987540127992
0.9345811620565381
0.9998694645002003
0.9914664151224988
0.9955174514961777
0.9999981041462875
0.9923121677653037
0.9999918570811095
0.9999601858613393
0.9984301116882027
0.9802502888797648
0.9999268623789461
0.9999937081347775
0.9999748595700342
0.995168470482822
0.9991053341702346
0.9999959595069774
0.9992132540579024
0.9941441098508178
0.9862130148629012
0.99932653119719
0.999963040888483
0.999952357804375
0.9999964305804808
0.9999616633500091
0.9999815271736813
0.9962545995292466
0.9999899784042716
0.9999532001745874
0.9998609348721282
0.9929505323157445
0.9713789514822492
0.974357910094193
0.9903634813099508
0.9998698527370458
0.9920355189630995
0.9984949531892675
0.9999911579386063
0.9664444066663426
0.999976955100685
0.9991972754133039
0.9978931585303629
0.9999894279445902
0.9892670959673806
0.999986810740354
0.9871929236429406
0.9999744827657177
0.9999495009048897
0.9918626948011557
0.5976456441367305
0.9999983596064353
0.959926847174669
0.9799989723906212
0.9999772849383555
0.9987131119969017
0.9999998038407981
0.9973744383186678
0.9999998559848929
0.9963547688722072
0.9992731078031092
0.9999817045798591
0.999540428627894
0.9994057910089946
0.8571539853539053
0.999984182580639
0.9996788649408583
0.9999999584306949
0.9995380729880284
0.9996930893589786
0.9999996572858285
0.9997968783244413
0.9999994714817961
0.9999582124285812
0.999994645084926
0.9521209646081519
0.9996693613658831
0.9999491543312613
0.9943426214513374
0.9999981774585897
0.9999998598619947
0.9992103807274165
0.9992113128640343
0.9894975352922991
0.9999906760556615
0.9999968744578573
0.9999538462646805
0.887010707812324
0.9999975862502539
0.9999991697865778
0.9834798629657754
0.9980929984015271
0.9976562812241944
0.9804778149085485
0.9956807889434041
0.9803508637192824
0.910949235181242
0.9973418563652142
0.999899263718604
0.9999991794311253
0.9383072846595458
0.9999641739011401
0.9999987820591713
0.999332750062232
0.9999771536201166
0.9961218079933544
0.9999854402989168
0.928358753559558
0.9892445271063072
0.9942651733120894
0.9934738149901627
0.9999927159499713
0.999499290313781
0.9928398066421769
0.9999954404765878
0.9990250789527761
0.9988563904750276
0.9999987696993777
0.9974090053874025
0.9974566762302188
0.9658183743112077
0.9994766370066994
0.9999999439595006
0.9903483922804687
0.9999966338689944
0.9999976470638104
0.988845465604023
0.9999971013492448
0.9787220463459494
0.986533551989617
0.9858010033147904
0.9984616782637237
0.9990010861439167
0.9999900440308815
0.999992455199884
0.9985804169608312
0.9999560574952359
0.9917372245562226
0.9946973265509531
0.9991011739516054
0.9992052875861821
0.9999802846140217
0.9999943265507283
0.9999924437157157
0.9952967343793311
0.9999991427549572
0.9999892497399376
0.9366532554646324
0.9943582894256567
0.9827867976961808
0.9978893955433434
0.9726150835210087
0.9999990589427129
0.9999960898337025
0.9999994028485737
0.9997126493526305
0.9951336464890448
0.985108566849424
0.9999999600980518
0.9999994194960721
0.9999916246956566
0.9999954172620963
0.9950707049783664
0.9999830172974631
0.9998290297974128
0.9958341472767341
0.9991578951995135
0.9926241149452396
0.9820477018435467
0.9923746686336435
0.9999989452895321
0.9988239518854148
0.9969497808689002
0.9995628422533493
0.9999781640848796
0.9999868256207968
0.9929448540567555
0.9914821268896372
0.9652505816587906
0.9994312663931362
0.9937328580960582
0.9991823923709586
0.9999901913570208
0.999974340109077
0.9944714308287408
0.989890578417425
0.9999893013242469
0.9993003200176797
0.9999976834991826
0.9965258276261425
0.9999996333193811
0.9792390237195618
0.9982101482053626
0.9999911546735785
0.9999798218168686
0.9992248360239541
0.9999159388328923
0.995503426211605
0.998051551153523
0.9999952826517553
0.993096821765464
0.9999982351553812
0.9999999789418763
0.9999150316690012
0.9840126332953603
0.9971912788935544
0.9965108385063343
0.9999995751044721
0.9999971649192682
0.9999834739037439
0.9993499388968787
0.9998763214673345
0.9998471107493737
0.9871966140819931
0.9380206293319304
0.9999669007510539
0.998639017181141
0.9998077002486524
0.9999015310454605
0.9753923136171192
0.9737941012575813
0.9999998883393564
0.9957270272861644
0.9999993876451478
0.9771051843362599
0.9968950644633713
0.9999374068819932
0.9999403511661898
0.9999306545274261
0.999949304369368
0.9999978567812493
0.9998180467022649
0.9971436399878475
0.9989971045646557
0.9999697681616674
0.9995543936339915
0.9874189632740604
0.999986777239372
0.9897688087001001
0.9999962005271403
0.9996804723993545
0.9999989687206541
0.9885506386803805
0.9961381994276788
0.999952249192819
0.9999965486166046
0.999998398303369
0.9997343147789178
0.9999984028826824
0.9790483975898083
0.9918973751167733
0.972080597031609
0.971326675997827
0.9999991437061482
0.999995563551432
0.9900480330363343
0.9980340928075855
0.9903604734294122
0.9999997487394904
0.9999991331652072
0.999998872117174
0.9997005622803734
0.9999249371311212
0.9999569039353654
0.990460509220907
0.9999981343722448
0.8882611149605814
0.9999980546802643
0.9094774009027092
0.8948067375761782
0.999860300557913
0.9999981036953463
0.9991324636698368
0.9753140809363895
0.99997272081233
0.9999459177518577
0.9999786951974516
0.9971089436138565
0.9709211823270267
0.9976364732879381
0.9992658220697433
0.9999964948678637
0.9989683855652711
0.9999964725641727
0.8542685454174918
0.9766832714402015
0.9959205206967161
0.9999876640990998
0.990731280706759
0.9529854179027266
0.9982814429745805
0.9879788097701723
0.9635794033148101
0.988775431678086
0.9406319143898025
0.9974876278117405
0.9999988948998919
0.999999965476375
0.996422998915261
0.9691742448048702
0.9974882241545111
0.9985638878241652
0.9999945703484918
0.996903825372635
0.999018743855498
0.618143419732372
0.9996062349680327
0.9944510388037484
0.971985534130703
0.9939312483668855
0.9508775318082352
0.9586070689651074
0.9983822404573818
0.9978124701629231
0.9640151419544835
0.9543627568446976
0.9716302998416754
0.9979468233787276
0.9952003410726998
0.9999797740087262
0.9997127424532364
0.8949044786942327
0.9996762557107913
0.9999946926276706
0.9851704695501823
0.9729519926008514
0.9969555977030844
0.995343362306284
0.9798937355031327
0.9991693289133644
0.984943698801931
0.9994097380836302
0.9957289311061315
0.999999999982059
0.9990477344370282
0.9999879088238784
0.9898051358406519
0.9911822092236573
0.9991579466436763
0.9964064799747685
0.6077420200689355
0.9769884293148976
0.9915673784570637
0.9999985993246389
0.9834800435983898
0.9949721504747855
0.8463897862005489
0.998399732201474
0.9997651753713883
0.9999807820243944
0.9996228867560296
0.9999164224630982
0.9734899722525138
0.9961410089777184
0.9957033970753756
0.9977145136263765
0.9962141303737355
0.9896229926577019
0.9974588094668295
0.9991887001876294
0.9718541457363017
0.9996221854900385
0.9425298578955655
0.9897005371957524
0.9999400418133588
0.9999999711439986
0.9997995528657904
0.9999978052480508
0.9943549668966346
0.9754757738516677
0.5284133932394368
0.9972477057137942
0.9437712920338607
0.9613593816283892
0.9470885342837241
0.9946651184602563
0.9977894359498016
0.9995106728515504
0.999207220084162
0.9630589126602535
0.9999976676864808
0.992622677907576
0.994747699291943
0.9960147410611919
0.9861337746769292
0.9999999452406171
0.9505996911289807
0.9999742200550016
0.9960046000581043
0.9999938814992968
0.9940449606753914
0.9997168517223346
0.999501492423608
0.9913665589105994
0.9407565303037008
0.9317319220650344
0.9986252019981419
0.5504333659230435
0.9989797208276051
0.6117725993396447
0.9991186043820727
0.9999779042563791
0.9993275211871643
0.9996884720077434
0.9999490804358131
0.9973187813247023
0.9987648289359735
0.8818654367596946
0.9914900749980905
0.9972892511660273
0.988825131846426
0.9958391436189868
0.9630036681022174
0.8825290645898118
0.9977370120320256
0.9990876993476193
0.9923766324736191
0.9962169396692234
0.972350027041461
0.9987194771023397
0.9446513458425237
0.993556116002626
0.9937721882849321
0.9400949461853383
0.9959396412582535
0.9899713132209158
0.9995141441096863
0.9241185534580085
0.753721629160788
0.9516070754450288
0.882449798463672
0.9926609518474626
0.9986790562447267
0.9738999876630567
0.9860460012217738
0.9999999760531298
0.9643669769997216
0.9719220206456711
0.9999989725968994
0.9647376210381156
0.9226902077620784
0.5718764101571447
0.9999982982722835
0.989285122377252
0.9980441856100076
0.9911712994869897
0.9999999573020255
0.9924539279134711
0.9994702077786171
0.9766223175824109
0.9981858118614324
0.9922054991019967
0.9956615619437232
0.9676041428303457
0.9959100746641979
0.9999988560347371
0.9932047780149673
0.9999898854079078
0.980977147121609
0.9915201150289645
0.9804200350707742
0.9978777048078915
0.9800585084984484
0.8997717630536836
0.9999999561217384
0.9895493347509496
0.9813451543941646
0.9711363563573172
0.9978463159465388
0.999981606678841
0.9986046941998996
0.9965230957214258
0.9949034321632062
0.8639635454446085
0.9958408629692768
0.9756141095383918
0.8276152006325979
0.9710967828787921
0.9999767037086773
0.9993663329619987
0.9999998217824546
0.9983466505585592
0.9833630407082694
0.9477356963164628
0.9959996791673038
0.9971086404654949
0.9999996972825517
0.9010369513645414
0.9944612527456432
0.9986972847059146
0.9996135307736576
0.998412647516554
0.9994548104471532
0.9999835416233351
0.9678472246219495
0.9999943234485321
0.9999601479891086
0.9985674128254355
0.979910942643817
0.6231932948559185
0.9999986309540967
0.9931620212385266
0.999290557501963
0.9732535740532183
0.9871165487139368
0.9936909830096247
0.9946472154798531
0.9960814900569538
0.9972457641237362
0.9954123714852908
0.9938139858763996
0.9911478220723905
0.9997811789853596
0.9295118014875571
0.9916259606397813
0.9985305801732659
0.9976615292158831
0.9981009041021458
0.9926886602645326
0.9912102381685723
0.9998336737255823
0.9988068867139603
0.9996305631962322
0.9936455871622089
0.9995871204990153
0.9454084219480176
0.9995455385615399
0.9753718053585224
0.9485022362216323
0.9981232125653529
0.9989346511035067
0.9919347892106738
0.9992823444701725
0.989947795676327
0.9927786008358863
0.9989496898048237
0.9999987925743311
0.976544993353328
0.9999009030139829
0.962824227292829
0.9940433805573601
0.999525686709771
0.9994375530801851
0.9653007195181381
0.9998840323047247
0.9999966350196912
0.9909248747605948
0.9693401103312224
0.9557619648061376
0.999999999551761
0.995208634092994
0.9945464825847887
0.9998875367400871
0.6559190492788779
0.9999428493080296
0.9999997186041424
0.9999989485169415
0.994015381804866
0.9969352697761313
0.9999969611352301
0.9708136750751402
0.9993172572872513
0.9999998408117223
0.9996317878342397
0.99946091455439
0.9953778110278996
0.9822615627926408
0.9990535324494126
0.7986803529416808
0.9841021754126043
0.997286837309177
0.9985725871025847
0.9996240084591659
0.9999820869744702
0.9999639183692988
0.9999990564407032
0.9983776639678231
0.9995873877426428
0.9988398494346011
0.9644100415138902
0.9979079957027512
0.999259611984063
0.8770027178301772
0.9999959152798178
0.9722205410937859
0.7662133986831521
0.9921084281376147
0.9878148210634831
0.9965838009768432
0.999234239048497
0.9999997582118086
0.9998237513712193
0.9905950340984487
0.9877422385956138
0.9839086974441161
0.9993982102364906
0.9408692176739967
0.996907661266834
0.9984808489757954
0.9984283367588224
0.9988230113363655
0.9995855408680032
0.8887939031792016
0.8485650400207023
0.9949771095827004
0.9158456782891782
0.9999696651695378
0.999990738472039
0.9971819247839834
0.9854460655888262
0.9579843495524407
0.9878364058584116
0.5849834729521833
0.9999999999536242
0.9998164945692872
0.995234487128316
0.8554129920221719
0.8112642779240004
0.9996146353907239
0.9994748232376475
0.9757827330571947
0.7068950763859458
0.9806700561898718
0.9012141122303208
0.99983992704557
0.810630156778166
0.9059092722007946
0.9226371996688943
0.9991270253502874
0.9987382365538704
0.8791703234691903
0.9999999999967832
0.9999999999661497
0.9836872223284718
0.9987417059061545
0.9816349131883257
0.9989754327497052
0.9924779093939168
0.9999997351664791
0.9043528352880587
0.912774404671922
0.7563505120395716
0.9985253312941984
0.5557226985719728
0.9999962284757538
0.9947000312568866
0.9982002749077857
0.9995473823342482
0.9924397132836817
0.9936936229069055
0.9459985083585999
0.7882206194344352
0.9972996698752504
0.9981509877237872
0.9306607859072941
0.9983095435016814
0.9999726385309349
0.9989541412883853
0.9999359553255319
0.9744193103298838
0.9995579690762396
0.8297453716820494
0.994169472882669
0.9966071146049157
0.9792334879086434
0.9921117369291609
0.9816797022742896
0.9988592211783042
0.9987786954036056
0.999712339991316
0.9999998194143287
0.9996419354562691
0.9909685570459751
0.999998700159908
0.9968366808853479
0.9992435040949837
0.9967036124592683
0.9932102135706985
0.9999815930321119
0.9999231283973697
0.9999001171453161
0.9875698333522469
0.9987084990748244
0.9927047491070229
0.9892408818863615
0.9849089096134158
0.9999203510524705
0.9974954840948684
0.9549485557012279
0.9990028992205696
0.9999962184004316
0.9959304039021074
0.9997196767228724
0.9941825521119123
0.9997022297327037
0.999999646823363
0.9999999829343645
0.9636860596493435
0.9745879344555033
0.6332655737718562
0.9938070897987795
0.6633683548313782
0.9889433346820051
0.9768486841717906
0.8762300704207592
0.9187480614666251
0.8310852823371448
0.9566418066528953
0.9984771830656762
0.9996610434708776
0.9959978616300443
0.9619570868802295
0.9999957823134357
0.9999414113432155
0.9999763479776365
0.9972230073935983
0.9996711144851373
0.9959514971304603
0.9918759384516365
0.9977753595698937
0.9070633071710241
0.9984654170679753
0.9983806253137605
0.9997654821558215
0.99557363557001
0.9946172124344023
0.6462984038837505
0.9930229254968755
0.9972088799189665
0.9958963332860282
0.9969929800864558
0.9809396901520875
0.9742118406578889
0.9513485168173532
0.6213930772064318
0.9997110117009963
0.9979868240321134
0.9475781661589163
0.9970267767021638
0.9998940605361853
0.9825801718461774
0.998293731128763
0.9936324572411135
0.9957909229325919
0.995398041267761
0.9786670334496812
0.9994780362395475
0.9992526936768338
0.9983046068865343
0.9952340347965484
0.9971497286767629
0.998310192927177
0.9982256911613788
0.9988010218231843
0.9889367352945536
0.9979278147200279
0.9927685874443894
0.9993032245124059
0.9990670610374377
0.9771655720661968
0.9682143770026194
0.9989483982410019
0.9961519350658178
0.9903690831569182
0.988136229903259
0.9995331932151319
0.9795228599548725
0.9968581668289257
0.998634202481263
0.9961889144932788
0.9871373773069002
0.9989559607758841
0.9988331624312234
0.9909214830167704
0.9777130790833949
0.9964851346438621
0.9973084212770027
0.9966150817704017
0.9950282080644713
0.998733027526337
0.98898652554708
0.9973779198576895
0.9951891983207604
0.9992362884508164
0.9614866163399416
0.9938753897098213
0.9978065211913529
0.9968659325686847
0.9340917261957948
0.9528474324972077
0.8238829680112446
0.96936225985931
0.9931107254562145
0.9999947420283181
0.9510513759054633
0.996617687721468
0.991646784859468
0.9986817689378599
0.9618097733816464
0.9993483105797829
0.9575490440118779
0.9828247891300339
0.9975033119847988
0.928917979147928
0.9837946577744889
0.9945730489741372
0.9904736616713384
0.9999999864185134
0.9996010369835553
0.9809001351803787
0.9983479073410519
0.9999567507420624
0.9995040207394966
0.9986399083665846
0.9998269100178472
0.9999524924572571
0.9979184608043731
0.9981997187406192
0.9945008034723781
0.999999962128791
0.9999286794174814
0.9999997629908652
0.9999998779900499
0.9988930992046844
0.9654508709576155
0.9999999947395182
0.9948449732802415
0.999898437863283
0.9999877778970518
0.9966117366807703
0.9999994281121285
0.9999999918266592
0.9996193202426594
0.9999988236413437
0.9998143984470008
0.9986419741764093
0.9972104924425459
0.984973924595338
0.9753214167742479
0.9999955015960323
0.9999420490288322
0.9983304398498364
0.9974405150103859
0.9999927231571711
0.9890369005343933
0.999896064925501
0.9999207626016291
0.9999957143878305
0.9984876078143582
0.9999999909538192
0.9895635186481554
0.9989001287041331
0.9999545544622188
0.999875562837056
0.9978025781028601
0.9960751332776102
0.9999985759395527
0.9998454335160001
0.9999541498637183
0.9878013053307251
0.9976933864307329
0.9909789949998868
0.9793685746136755
0.9168890744532268
0.9632527124617809
0.9550101799985142
0.999469094965577
0.9996981630999029
0.9999948844781091
0.9118450426756208
0.9998676251862119
0.9977538751612401
0.9929611276538448
0.9503769164886646
0.9043328113962418
0.9974027721109682
0.9991332813298108
0.5906223512094748
0.9999998647776632
0.9970025536380901
0.9754188677952869
0.9997292597678092
0.9196608092793022
0.9990632194345568
0.9987821471613293
0.9851676388155068
0.9809149236083357
0.9999984633490072
0.9999984317184042
0.9998471764004173
0.9995092775629163
0.9999902477665892
0.9996417878046335
0.9946089712810959
0.9923793565704209
0.9999956639011185
0.999333606544625
0.9413501981455094
0.999999999319201
0.9999999993506237
0.9968497694982943
0.9868292339361235
0.9993504115109481
0.9999998825897094
0.9999999984605878
0.9999948602162907
0.9999999973351819
0.9999941324189561
0.9946361075359649
0.9553995185547505
0.9999979888119203
0.9926897849685192
0.9975169519114976
0.9994609353145006
0.8611989389678828
0.9994942809836224
0.9939599910637233
0.9999190693478941
0.9997624853834912
0.9999134525331708
0.9999993969912057
0.9969430689728942
0.999954598233946
0.9999998327503405
0.9999616234817696
0.9932517079427433
0.9998703727041386
0.9964623908366808
0.9999858894993506
0.9910920125820298
0.9880106888554696
0.9999999961296464
0.9980855838731107
0.9967118257241001
0.9998120865371596
0.8963804413691581
0.9851963217305616
0.9964155677213818
0.9999999372272311
0.9452811739095156
0.9910779678863344
0.9967100899742314
0.9999999437174186
0.9998230257261164
0.9999429063622617
0.9687420998171702
0.9995205969725744
0.9999994634189028
0.9999954366483581
0.9996500769312847
0.9999875350688866
0.9995356008170805
0.9999107712279143
0.999046111932096
0.9982298033535808
0.9856105511905876
0.9444171606099361
0.9923918987474443
0.9995252981093494
0.9786587855162109
0.9999230533967661
0.9999999913346601
0.9993553899883779
0.9547945631453268
0.999998820071526
0.9937441257059607
0.9984763506493743
0.9999255059702187
0.997637948059062
0.9947187146654628
0.9950245768834542
0.9962694837910117
0.9899889225473134
0.9960704030543551
0.9833514803596479
0.9999999201632027
0.9999824441145684
0.9895402968074203
0.9752046868833074
0.9989818700628207
0.9633118589295658
0.9997886418885876
0.9903025221447329
0.9999993480742029
0.9964803980953031
0.99548732546787
0.9999972660374467
0.9999980307615998
0.999994293532098
0.9778480019900427
0.9922684401056604
0.9999932229099415
0.9999958273576244
0.9999999976358009
0.9997549612269142
0.9998260615595931
0.980072534014539
0.9999995571449192
0.9999724207637731
0.9881070316065833
0.99993912379548
0.9992014425688369
0.9999999983525132
0.9999998672325608
0.9999995943254241
0.9967068345590516
0.999993790925929
0.9979351797273119
0.9726575860097557
0.9999757694706808
0.9971645263354534
0.9999997502146654
0.9950264742332121
0.9999893616632152
0.9969101935738324
0.9957049279827107
0.9999888690609929
0.9998410726288776
0.999252321816627
0.9999842162905155
0.9999069589414804
0.9987741837597935
0.9999280514740705
0.9999998544747005
0.9999999777483022
0.9979319788462795
0.9968681493460596
0.9994513735473121
0.9420992614710553
0.9940415758526978
0.9999934959487488
0.9999008678722409
0.991121201344622
0.9901581170032066
0.9999809651548021
0.9334723759179036
0.9999997221369573
0.9995129163614243
0.987254317690909
0.987272115483398
0.9999422290256217
0.9787990836777724
0.9999764126922198
0.9994069194308112
0.9889569047906973
0.9999160634545684
0.9998121431760933
0.9999882897935448
0.9985415082445773
0.9997479558181981
0.9934818644348888
0.9999258266114526
0.9965975413426647
0.9446145815416424
0.9999456997733992
0.9997770960897115
0.9993139797956738
0.9999596793849929
0.9992236345245402
0.9943890486397046
0.9988779923724693
0.9971497466995022
0.9923805325291923
0.9999218229312512
0.9999999998511655
0.9992188035906442
0.9989103036596853
0.9871026966467599
0.9612791989818633
0.999999908431147
0.9999986166436258
0.9999997661463541
0.9993897207930189
0.9955599877211986
0.9958941744711621
0.9110852782839312
0.9999946046482787
0.9924203552523183
0.9858083070622304
0.9999999983935428
0.9999999222400979
0.9999993215335821
0.9999998832058764
0.9546719153711957
0.9999261944469359
0.9999032490717101
0.9960048426331365
0.9999937277354446
0.996131933182692
0.8967802089966916
0.9712713407130996
0.9886727110737283
0.9867009198470644
0.9974608485634184
0.9999994038006652
0.9999980971472111
0.99999999591659
0.9996318165030391
0.9999823722847805
0.9999987256692077
0.9992035839974521
0.9999952426757598
0.9999997107279353
0.9999299080027813
0.9552731930331824
0.9999997472604377
0.999992267177158
0.99999999916053
0.988221800700076
0.8726223618738062
0.9981465579034947
0.9987839181442806
0.99999893133537
0.9063502418910098
0.9999885283211682
0.9987221620860218
0.99989529689919
0.9991180835980895
0.9999001289294901
0.9998191436030225
0.9984229610907178
0.9795701401038803
0.9999989973650408
0.9999559721894794
0.9997769188622232
0.9998352945006879
0.9999996475545646
0.9999997844568886
0.999989763423888
0.8569187590762894
0.9397409676679941
0.9999824131726018
0.9999151487452246
0.999980638243145
0.9999827573148652
0.8004636811376094
0.9999881980635593
0.9999947501353251
0.9973949479062678
0.9675733951490668
0.9999994851986492
0.999999764603818
0.9991941463886487
0.9934781745645975
0.9999997893286108
0.9999532131418819
0.9998685663209067
0.9999979460100565
0.9999904792804656
0.9992379628246566
0.9999932196697756
0.999999881095106
0.9999999987161972
0.9999999993798911
0.9999282629065892
0.9841240253693844
0.9697375805834205
0.968788356769086
0.9990143017983968
0.9631292750870734
0.9953553521165689
1.0
0.9987529491644296
0.9996479473885588
0.9985122180663943
0.9984482564430001
0.9790805922504585
0.9375632239965876
0.9899090256424992
0.9997878958102941
0.999986771870279
0.9995323369203052
0.9999978612883211
0.994384625637396
0.995151333245314
0.9999999505323414
0.9895548830336722
0.9999992643664939
0.9999669954487189
0.9822253165763516
0.999991141151916
0.9999896726562609
0.9984857756573473
0.9970653571034155
0.9998943312702876
0.9994696650151355
0.9999992870593257
0.9999999709451455
0.9194659003310731
0.9999264192891811
0.9999969236672522
0.9995864904223397
0.9975781432074667
0.9957384603761072
0.9989431370646984
0.9428013134956466
0.9999977968244492
0.9999989176016052
0.9999991031102714
0.9936702461825466
0.9999999964409356
0.9999246243243392
0.9964222945884181
0.9967294790679585
0.9999997096917045
0.9999971241346334
0.999388588473203
0.9999999999982057
0.9997869299735453
0.9999983245336236
0.9999996390953086
0.9994525783740147
0.9980782952345114
0.9977776278253029
0.9999999999565772
0.9999999831519125
0.9999894584472255
0.9967952871326081
0.9913377922209057
0.9999980967411224
0.9999980679547031
0.9966941345915054
0.9989094949466785
0.9962748807252966
0.9998572515194737
0.9999999333252274
0.9930934003453477
0.997388738271246
0.9945695746751756
0.9998973275458497
0.9988477060851347
0.9734549564649342
0.9987206803189366
0.9982128571245933
0.9964681619692891
0.999981379281006
0.9999756129683268
0.9998609687894864
0.9962402924646382
0.98685562678761
0.9936790997244219
0.9968112370786383
0.7458888113716746
0.9690969281366079
0.987737773467077
0.9660897483403057
0.9773799448590398
0.9930768925404821
0.9875443011966485
0.9748293254757405
0.9986879533693125
0.9223660429947429
0.9999928035906333
0.9985550127536666
0.9999993011288214
0.9999851323789912
0.9913700316922854
0.9966493130889962
0.9999998213757856
0.9744737084688258
