0.9797100117360205
0.9674200184320385
0.9972013041788468
0.9896115676993267
0.99290710906812
0.9506102504528381
0.9996662044713504
0.9999555172517489
1.0
1.0
1.0
1.0
0.995965028619636
0.9970676287349269
0.9999552336171059
0.9883804369109136
0.9867434843851307
0.9597853658216368
0.944394719402369
0.9617949754299426
0.9754992136149035
0.9667715795792285
0.9773531774172601
0.8844686809518132
0.9990141437815796
0.9797100117360205
0.9674200184320385
0.9972013041788468
0.9896115676993267
0.99290710906812
0.9506102504528381
0.9996662044713504
0.9999555172517489
0.9992175343620391
0.9990484575942665
0.9958633909848785
0.9967464085299075
0.9951984012054472
1.0
0.8833481213300883
1.0
1.0
1.0
1.0
1.0
1.0
0.8774040538166457
0.9930431640079788
0.9952326370824686
0.9971597467195633
0.9970941490703518
0.9742444551386431
0.951003562155746
0.9857086574851474
0.9562159102802268
0.9922364591457616
0.9873206845987558
0.8782352229946573
0.9555166853625211
0.9992175343620391
0.9990484575942665
0.9958633909848785
0.9967464085299075
0.9951984012054472
0.9767451123964374
0.9892077851353699
0.9919751804637709
0.9936345703422006
1.0
1.0
1.0
1.0
1.0
1.0
1.0
1.0
1.0
0.2147176756951793
0.9731396634144802
0.9966952727701143
0.9966539738397564
0.9930933524857601
0.9236597466640721
0.9088396438168512
0.9722014227356456
0.971470901768754
0.9834032735484728
0.9767451123964374
0.9892077851353699
0.9919751804637709
0.9936345703422006
0.9955770224683713
0.9943132876598149
0.9936894243116234
0.9991004767191498
0.4591447717333502
1.0
1.0
1.0
1.0
0.9888795227673011
0.9172990004778641
0.9858949616603634
0.9974871311584621
0.9940691502420242
0.9793203691643606
0.9873038491956995
0.9893075284246683
0.9847159021755933
0.995549036966739
0.9745830334113663
0.961397493215967
0.9963117638811141
0.9874939166822888
0.9955770224683713
0.9943132876598149
0.9936894243116234
0.9991004767191498
0.4591447717333502
0.9922998194783327
0.9959123827417957
0.9948567606217324
0.9881084316221208
0.9879801513201592
0.9937606801294349
1.0
1.0
1.0
0.9948352597809078
0.9942522180201327
0.9942637810768119
0.9936209980214714
0.9884268367410859
0.9839396910702083
0.9922998194783327
0.9959123827417957
0.9948567606217324
0.9881084316221208
0.9879801513201592
0.9937606801294349
