1.0
1.0
1.0
1.0
1.0
1.0
0.9616896350442947
1.0
0.9999910132981253
0.9999577546241715
0.9999852822595987
0.999984350192223
0.9980192862334689
0.9999959075996814
0.9714487670543904
1.0
1.0
1.0
0.1589726674487217
1.0
1.0
1.0
1.0
1.0
1.0
1.0
1.0
1.0
1
1
1
1
1
1
1
1
1
1
1
1
1
1
1
1
1
1
1
1
1
1
1
1
1
1.0
1.0
1.0
1.0
1.0
1.0
1.0
0.9999999915574469
0.9975695713222194
0.9972739356025211
0.9957632952141448
0.9965436328086442
0.9971559883638584
0.9947983002195799
0.9981831386838133
0.9979834814331382
1.0
1.0
1.0
1.0
1.0
1.0
1.0
1.0
1.0
1.0
1.0
1.0
0.9675435269371546
0.9675435269371564
0.9999999998670749
0.9999999998776827
0.9938826109133388
0.9999999999945872
0.9999999997399264
0.9999999893085045
0.999999998089245
0.9999999999963405
0.9999999983830242
1.0
1.0
1.0
1.0
1.0
1.0
1.0
1.0
1.0
1.0
1.0
1.0
1.0
1.0
1.0
1.0
1.0
0.1440083008111225
1.0
0.1476427892401085
1.0
0.9999648485168053
0.9999873653514921
0.999999817466666
0.9999974548705857
0.9999987984904588
0.9999981585277092
0.9999943889386829
0.9999999220791027
0.9994845534640208
0.9462054921343742
1.0
1.0
1.0
1.0
1.0
1.0
1.0
1.0
1.0
1.0
1.0
1.0
1.0
0.1442494575435
0.1442494575435
0.1442494575435
1.0
1.0
1.0
1.0
1.0
0.9999999972096877
0.9999999999995086
0.9999999999710174
0.9999999999995086
0.9999999999940992
0.9854920785847636
0.9912203003886025
0.960675870408291
0.7855496654965688
0.9778828682293214
0.9654410897376478
0.9871704932054332
1.0
1.0
1.0
1.0
1.0
1.0
0.1442494575435
0.1442494575435
0.1442494575435
1.0
1.0
1.0
1.0
1.0
1.0
1.0
1.0
1.0
1.0
1.0
1.0
1.0
1.0
1.0
1.0
0.9999992040225318
0.9998413889304923
0.9997388214376637
0.1578295604326787
0.9999970874146384
0.9999129253331094
1.0
1.0
1.0
1.0
1.0
1.0
1.0
1.0
1.0
1.0
1.0
1.0
0.9999999999803407
0.9999395321853048
0.9999998906536509
0.1306811504162116
0.9999999335659792
0.9999999821722314
0.9999989503485904
0.9999979039818382
0.9999997870770366
1.0
1.0
0.1332664688807745
1.0
1.0
1.0
1.0
1.0
1.0
0.9999996638973521
0.999096801870314
0.9999999678946575
0.9999861030632343
0.9999999973224578
0.9999999834356903
0.130133781855383
0.1332664688807745
1.0
1.0
1.0
1.0
1.0
1.0
0.9675435269371547
1.0
1.0
1.0
1.0
1.0
1.0
1.0
1.0
0.9933084715434114
0.993828092929715
0.9938748219150245
0.9938823366704161
0.9938732274782434
0.4999999999993552
1.0
1.0
1.0
1.0
1.0
1.0
0.9675435269371547
1.0
1.0
1.0
1.0
1.0
1.0
1.0
1.0
1.0
1.0
1.0
1.0
1.0
1.0
1.0
1.0
1.0
1.0
1.0
1.0
0.123921126473208
1.0
1.0
1.0
1.0
1.0
1.0
1.0
0.123921126473208
1.0
1.0
1.0
1.0
1.0
1.0
1.0
1.0
1.0
1.0
1.0
1.0
1.0
1.0
1.0
1.0
0.123921126473208
1.0
1.0
1.0
1.0
1.0
1.0
1.0
1.0
0.1273056050611973
1.0
0.1273056050611973
1.0
1.0
0.999999999989002
0.9999999999997022
0.9938826109133383
0.9999999999997022
1.0
1.0
1.0
1.0
